Time for Pass 1: 0.345
0
1
1
1
4
4
4
6
7
8
9
9
10
11
11
14
19
20
21
23
26
27
31
31
32
33
34
36
39
40
41
41
42
42
45
46
47
47
48
48
49
54
55
55
55
56
58
58
62
62
63
63
65
66
67
68
70
71
71
72
72
72
73
77
78
79
81
81
82
82
83
84
85
85
86
87
88
89
90
92
92
93
95
96
97
97
100
100
100
101
101
102
104
104
105
105
106
106
108
110
113
114
114
115
116
116
117
117
120
120
121
124
124
125
126
126
127
128
128
130
130
132
133
135
135
135
142
142
142
143
144
144
145
146
146
146
154
158
158
159
160
160
160
163
163
164
164
164
165
167
167
168
169
171
171
178
179
180
181
182
183
185
185
187
190
191
192
194
195
195
195
197
197
198
199
200
202
203
203
204
205
205
208
208
208
209
211
211
212
215
216
216
218
218
218
219
219
220
220
222
223
223
223
224
226
227
227
228
228
231
231
232
233
233
234
234
235
235
237
237
237
239
240
241
241
242
243
243
244
244
244
245
245
246
247
247
248
249
249
250
250
253
253
254
254
256
256
256
257
257
260
261
262
264
264
264
266
266
267
268
268
271
272
272
272
273
273
273
274
274
275
277
277
278
279
280
280
280
280
281
282
283
283
284
285
286
286
286
286
288
288
289
290
290
292
293
293
295
296
296
297
298
298
303
305
305
306
308
309
313
313
313
314
315
316
316
317
319
320
322
323
324
325
326
326
327
327
328
328
329
331
332
332
335
337
338
338
339
340
341
341
341
342
344
344
345
345
346
346
348
348
350
351
351
352
352
355
355
356
358
358
358
359
360
362
362
362
363
363
364
368
369
369
372
373
374
375
375
377
377
377
379
380
380
380
382
382
383
383
384
389
389
391
391
392
393
393
394
395
397
398
398
398
399
399
400
401
403
404
408
411
413
413
414
416
417
419
420
421
422
424
424
426
427
428
428
428
429
430
431
431
431
433
435
436
437
437
437
438
440
440
441
443
447
448
455
456
457
458
459
459
459
461
461
462
462
462
462
463
466
467
467
471
472
474
475
476
477
477
477
478
479
481
482
485
485
486
487
487
488
488
488
488
489
490
490
490
492
493
496
496
497
498
498
498
500
502
502
502
503
505
505
507
508
510
511
512
513
514
514
518
519
520
520
520
521
522
523
524
528
529
529
529
533
534
537
537
539
540
541
543
544
544
545
546
551
554
554
556
560
561
561
562
563
564
564
565
566
569
572
574
575
575
575
577
582
582
583
584
584
584
585
588
588
589
590
591
591
592
596
596
600
601
602
603
604
604
604
604
604
606
606
608
609
613
613
613
614
614
614
615
615
616
616
618
620
620
620
620
621
621
621
623
624
624
624
626
626
626
626
626
627
628
629
631
632
632
633
633
634
635
636
638
639
639
642
642
644
644
648
648
651
652
652
654
654
655
656
657
657
658
658
661
662
663
664
664
665
665
666
668
670
672
672
672
673
673
673
678
678
679
679
680
681
683
683
684
684
686
687
687
688
691
692
696
697
697
699
701
702
702
703
705
707
707
708
709
709
710
713
714
714
715
715
716
716
716
716
716
716
718
718
720
724
725
725
727
727
728
729
731
734
734
735
735
738
740
740
741
741
742
742
743
743
744
744
744
746
746
746
751
752
753
754
755
756
758
761
762
764
765
765
766
768
769
770
771
771
771
773
776
777
777
780
780
782
783
783
784
784
786
787
787
787
788
789
789
790
792
793
793
794
795
795
797
797
801
801
803
803
803
804
804
806
807
809
809
809
810
811
812
812
812
812
814
815
816
820
822
822
823
824
824
825
825
827
827
830
831
832
832
832
834
834
835
836
837
837
839
839
839
839
842
847
848
848
849
850
850
850
851
851
859
859
860
861
862
863
863
866
867
868
868
869
869
869
869
870
871
872
873
874
875
877
878
879
880
881
883
883
886
886
887
888
888
888
889
890
893
894
895
897
898
901
901
902
902
903
904
905
908
908
908
908
909
910
911
911
913
913
914
915
917
919
921
923
923
924
924
925
926
927
928
930
932
934
934
935
935
936
937
938
938
941
941
942
942
943
943
943
944
945
950
950
951
951
952
954
955
955
957
957
958
959
961
961
963
963
963
965
965
966
966
967
967
969
970
970
972
972
974
975
976
976
979
980
981
981
982
982
985
986
988
988
989
991
994
996
997
997
997
998
999
999
1001
1002
1002
1004
1006
1008
1010
1011
1013
1013
1014
1014
1014
1014
1015
1016
1019
1021
1022
1023
1024
1025
1026
1026
1026
1026
1027
1027
1028
1028
1030
1030
1034
1036
1036
1037
1038
1038
1038
1042
1042
1043
1043
1047
1047
1047
1048
1048
1050
1051
1052
1052
1052
1052
1052
1054
1055
1056
1056
1056
1057
1057
1058
1059
1059
1061
1062
1065
1065
1068
1071
1072
1072
1073
1076
1076
1077
1077
1077
1079
1080
1082
1082
1082
1085
1086
1088
1089
1092
1092
1093
1094
1096
1097
1099
1099
1100
1101
1101
1101
1102
1102
1104
1104
1107
1107
1109
1112
1113
1113
1114
1114
1114
1115
1119
1121
1121
1122
1122
1123
1123
1123
1125
1125
1125
1126
1129
1129
1129
1131
1135
1135
1136
1136
1140
1141
1141
1142
1142
1143
1145
1145
1150
1151
1154
1156
1156
1156
1156
1157
1159
1160
1160
1160
1160
1162
1163
1165
1165
1166
1167
1168
1168
1172
1173
1174
1177
1177
1177
1179
1179
1179
1182
1182
1182
1185
1185
1186
1186
1189
1190
1191
1191
1192
1193
1196
1196
1198
1198
1199
1201
1201
1202
1204
1205
1207
1207
1208
1208
1208
1210
1210
1210
1210
1210
1211
1211
1211
1212
1212
1213
1213
1215
1219
1219
1219
1220
1222
1224
1224
1227
1227
1228
1229
1230
1231
1232
1233
1235
1236
1236
1236
1236
1243
1243
1244
1244
1245
1245
1245
1246
1247
1249
1251
1252
1253
1253
1253
1255
1256
1258
1258
1258
1261
1262
1264
1265
1265
1266
1267
1269
1269
1270
1270
1275
1278
1282
1282
1282
1282
1282
1285
1287
1288
1289
1290
1291
1296
1296
1296
1296
1299
1299
1300
1302
1302
1302
1302
1306
1306
1307
1308
1308
1310
1312
1313
1313
1314
1316
1316
1318
1319
1320
1321
1321
1322
1322
1323
1323
1325
1330
1332
1332
1332
1333
1334
1334
1334
1336
1336
1337
1338
1338
1340
1340
1342
1342
1343
1343
1343
1345
1345
1346
1346
1348
1349
1350
1350
1351
1352
1352
1353
1353
1353
1353
1353
1354
1356
1357
1358
1360
1361
1362
1363
1363
1363
1363
1363
1368
1368
1369
1370
1371
1376
1378
1378
1378
1379
1379
1380
1381
1382
1382
1382
1383
1383
1384
1389
1390
1391
1392
1392
1392
1395
1396
1397
1397
1399
1401
1404
1405
1405
1407
1409
1411
1416
1419
1420
1420
1421
1421
1421
1422
1423
1423
1424
1424
1426
1428
1428
1433
1435
1435
1435
1436
1438
1438
1439
1440
1441
1441
1443
1443
1444
1445
1445
1445
1446
1447
1449
1449
1450
1451
1451
1452
1452
1455
1456
1456
1457
1459
1461
1463
1463
1464
1465
1467
1469
1471
1472
1473
1473
1473
1474
1474
1475
1476
1477
1478
1478
1480
1480
1481
1482
1486
1486
1487
1489
1489
1489
1490
1490
1491
1491
1491
1496
1496
1497
1497
1497
1499
1500
1500
1500
1501
1501
1502
1505
1505
1505
1507
1507
1508
1509
1510
1513
1514
1514
1515
1518
1520
1524
1526
1526
1528
1530
1530
1532
1533
1533
1535
1535
1536
1536
1538
1538
1538
1540
1544
1548
1549
1549
1549
1550
1551
1551
1553
1554
1558
1561
1561
1562
1562
1563
1565
1565
1566
1566
1567
1570
1571
1573
1574
1575
1576
1577
1577
1578
1581
1582
1583
1583
1584
1585
1585
1585
1586
1587
1587
1589
1590
1591
1591
1591
1593
1593
1593
1594
1594
1594
1595
1599
1600
1600
1601
1602
1602
1603
1604
1605
1606
1607
1608
1610
1610
1611
1612
1613
1615
1615
1617
1620
1622
1624
1625
1625
1625
1625
1626
1626
1627
1628
1631
1632
1632
1632
1632
1635
1635
1635
1635
1636
1636
1638
1639
1639
1640
1640
1641
1641
1641
1643
1645
1646
1647
1647
1648
1648
1648
1648
1649
1649
1649
1650
1650
1652
1652
1652
1657
1658
1658
1659
1659
1660
1663
1664
1665
1665
1665
1665
1670
1670
1671
1672
1672
1673
1673
1674
1675
1678
1679
1680
1680
1680
1682
1682
1683
1683
1684
1684
1684
1685
1685
1685
1686
1686
1687
1689
1691
1691
1692
1692
1694
1694
1695
1696
1697
1699
1699
1700
1700
1700
1702
1704
1704
1705
1706
1707
1710
1712
1714
1715
1716
1716
1716
1717
1717
1718
1721
1721
1721
1726
1727
1727
1728
1735
1737
1738
1741
1741
1742
1744
1745
1747
1748
1748
1749
1750
1751
1754
1754
1755
1757
1758
1759
1760
1762
1763
1764
1766
1766
1768
1770
1771
1774
1777
1777
1780
1780
1781
1782
1784
1790
1790
1791
1792
1792
1793
1793
1793
1794
1795
1796
1796
1796
1799
1799
1799
1800
1800
1800
1802
1802
1805
1808
1810
1811
1812
1813
1814
1815
1815
1817
1817
1819
1819
1821
1823
1824
1824
1825
1826
1826
1827
1827
1830
1831
1831
1832
1832
1832
1832
1833
1834
1835
1836
1837
1837
1837
1838
1838
1839
1839
1839
1840
1840
1840
1841
1841
1844
1844
1845
1846
1847
1848
1848
1849
1849
1850
1851
1851
1852
1854
1856
1857
1857
1859
1859
1859
1860
1864
1865
1865
1866
1867
1868
1868
1868
1869
1872
1873
1874
1877
1877
1881
1882
1887
1887
1887
1888
1889
1889
1891
1891
1891
1893
1894
1894
1894
1895
1897
1898
1898
1898
1898
1900
1900
1903
1904
1904
1905
1906
1906
1910
1913
1913
1914
1915
1916
1916
1917
1917
1918
1919
1919
1921
1922
1924
1926
1927
1928
1930
1930
1931
1931
1932
1934
1935
1935
1936
1936
1936
1937
1937
1937
1937
1938
1938
1939
1941
1941
1941
1942
1942
1942
1942
1943
1944
1944
1946
1946
1947
1949
1949
1949
1949
1953
1953
1953
1953
1957
1958
1959
1959
1959
1961
1961
1961
1961
1962
1962
1962
1966
1967
1968
1970
1971
1973
1973
1973
1976
1978
1978
1981
1981
1984
1984
1985
1986
1987
1987
1989
1990
1990
1992
1993
1994
1995
1995
1996
1997
1997
1997
1998
1999
1999
2000
2003
2004
2005
2006
2007
2007
2007
2008
2008
2009
2011
2012
2014
2016
2017
2019
2019
2021
2021
2021
2022
2024
2024
2025
2029
2030
2030
2030
2031
2032
2032
2032
2034
2035
2035
2035
2036
2037
2038
2038
2039
2042
2042
2042
2042
2043
2045
2046
2046
2046
2047
2047
2048
2050
2051
2051
2054
2055
2056
2056
2057
2059
2059
2060
2060
2062
2063
2065
2066
2067
2067
2069
2069
2071
2072
2072
2072
2073
2073
2074
2076
2080
2081
2082
2083
2084
2084
2084
2085
2085
2087
2087
2087
2088
2088
2089
2092
2093
2095
2096
2096
2097
2098
2098
2098
2100
2100
2101
2101
2101
2102
2103
2103
2104
2104
2104
2109
2109
2109
2110
2110
2113
2114
2115
2119
2122
2126
2126
2127
2128
2130
2130
2132
2133
2134
2135
2137
2138
2140
2140
2140
2141
2141
2142
2144
2145
2149
2150
2151
2153
2153
2155
2155
2156
2156
2158
2159
2159
2161
2162
2162
2163
2163
2165
2167
2168
2168
2169
2169
2172
2174
2174
2176
2177
2180
2180
2181
2184
2184
2186
2189
2190
2190
2190
2191
2192
2195
2197
2199
2201
2202
2202
2204
2204
2204
2207
2207
2208
2209
2211
2211
2212
2212
2212
2212
2213
2213
2213
2213
2214
2217
2218
2220
2221
2221
2221
2222
2222
2223
2224
2224
2226
2229
2230
2231
2232
2233
2233
2234
2237
2237
2237
2238
2238
2239
2240
2241
2241
2242
2242
2242
2242
2243
2243
2244
2244
2245
2245
2246
2246
2247
2247
2248
2250
2250
2253
2253
2255
2256
2256
2258
2261
2262
2262
2262
2263
2263
2263
2264
2265
2267
2268
2268
2269
2270
2270
2271
2272
2274
2274
2276
2278
2279
2279
2279
2281
2288
2289
2289
2292
2295
2300
2300
2301
2301
2302
2303
2306
2306
2308
2309
2309
2310
2311
2311
2312
2313
2317
2319
2319
2321
2321
2321
2322
2325
2327
2328
2328
2330
2332
2333
2333
2334
2334
2335
2335
2336
2348
2348
2348
2348
2350
2350
2351
2353
2353
2355
2355
2357
2358
2359
2359
2361
2362
2363
2364
2365
2365
2366
2367
2367
2367
2370
2370
2371
2372
2375
2375
2379
2379
2379
2380
2381
2381
2382
2383
2385
2386
2387
2388
2388
2389
2390
2390
2393
2394
2394
2396
2397
2398
2399
2402
2403
2406
2409
2411
2414
2415
2416
2416
2416
2417
2418
2419
2420
2422
2423
2424
2425
2426
2427
2427
2428
2428
2431
2432
2434
2434
2436
2436
2436
2437
2438
2438
2438
2438
2439
2440
2441
2441
2442
2443
2444
2446
2446
2447
2449
2451
2451
2452
2453
2455
2459
2459
2461
2461
2462
2465
2466
2466
2467
2467
2468
2470
2471
2471
2472
2472
2472
2473
2474
2475
2476
2476
2476
2477
2479
2479
2481
2483
2484
2484
2484
2486
2487
2487
2489
2491
2491
2492
2492
2492
2492
2493
2493
2494
2496
2498
2500
2501
2501
2504
2504
2505
2506
2506
2506
2507
2508
2508
2508
2508
2511
2511
2511
2511
2514
2514
2515
2516
2517
2518
2519
2519
2520
2521
2522
2525
2525
2525
2527
2527
2528
2528
2530
2533
2533
2535
2536
2536
2536
2537
2537
2538
2538
2538
2538
2539
2539
2539
2540
2542
2542
2545
2545
2545
2547
2547
2548
2550
2550
2550
2551
2553
2553
2555
2556
2557
2557
2558
2559
2560
2561
2561
2561
2562
2562
2564
2565
2565
2568
2568
2570
2571
2572
2572
2573
2573
2574
2574
2574
2575
2575
2576
2577
2579
2580
2583
2583
2584
2584
2585
2586
2586
2586
2587
2588
2589
2589
2589
2590
2591
2593
2599
2601
2602
2606
2609
2611
2612
2614
2614
2615
2616
2616
2617
2618
2620
2620
2620
2621
2622
2622
2622
2622
2622
2626
2627
2627
2628
2628
2629
2629
2630
2630
2631
2632
2634
2635
2637
2637
2640
2643
2644
2644
2648
2648
2649
2650
2650
2651
2653
2653
2653
2654
2655
2656
2656
2656
2656
2658
2659
2661
2663
2663
2664
2665
2665
2665
2667
2668
2669
2669
2670
2671
2671
2673
2673
2674
2674
2674
2674
2675
2676
2676
2677
2677
2677
2680
2681
2682
2683
2683
2683
2683
2684
2684
2684
2685
2686
2688
2688
2690
2691
2692
2697
2699
2700
2702
2702
2702
2702
2703
2705
2705
2708
2709
2715
2716
2716
2717
2717
2718
2721
2721
2722
2723
2724
2724
2725
2725
2727
2728
2729
2735
2735
2736
2737
2738
2740
2741
2742
2742
2742
2742
2743
2744
2745
2747
2747
2748
2749
2749
2749
2749
2749
2751
2753
2754
2755
2756
2758
2759
2759
2761
2762
2765
2765
2766
2767
2767
2767
2767
2767
2768
2768
2769
2770
2771
2772
2772
2772
2772
2775
2776
2777
2777
2779
2781
2781
2782
2784
2785
2786
2787
2787
2790
2791
2791
2791
2792
2792
2793
2794
2794
2795
2798
2798
2798
2800
2800
2801
2801
2802
2803
2804
2805
2806
2807
2809
2810
2812
2815
2816
2818
2818
2818
2819
2821
2821
2824
2825
2828
2829
2831
2833
2833
2833
2835
2836
2837
2837
2841
2846
2847
2848
2848
2848
2848
2849
2850
2852
2854
2856
2857
2859
2860
2862
2863
2863
2864
2865
2866
2866
2867
2868
2868
2869
2870
2871
2871
2872
2873
2874
2875
2876
2877
2881
2882
2882
2884
2885
2886
2887
2887
2889
2889
2889
2892
2892
2893
2893
2896
2897
2899
2900
2900
2901
2903
2904
2905
2905
2907
2908
2908
2909
2911
2913
2914
2914
2914
2915
2916
2916
2917
2917
2918
2919
2919
2920
2922
2925
2926
2929
2932
2934
2936
2937
2937
2937
2937
2937
2938
2938
2940
2941
2941
2942
2948
2948
2951
2952
2952
2953
2954
2955
2956
2956
2956
2957
2963
2963
2965
2966
2967
2967
2967
2967
2968
2968
2971
2972
2973
2974
2976
2978
2978
2978
2979
2980
2981
2981
2981
2982
2982
2982
2983
2983
2985
2985
2985
2985
2986
2987
2988
2988
2989
2989
2989
2989
2991
2991
2991
2994
2995
2996
2997
3000
3001
3001
3002
3002
3005
3007
3008
3012
3014
3015
3015
3015
3015
3015
3017
3018
3019
3019
3020
3023
3024
3024
3025
3025
3026
3026
3027
3028
3028
3029
3029
3029
3031
3031
3032
3032
3034
3034
3035
3037
3037
3038
3039
3040
3040
3041
3044
3044
3044
3045
3045
3045
3046
3047
3048
3050
3051
3051
3051
3051
3052
3052
3055
3056
3057
3058
3060
3060
3061
3063
3063
3064
3065
3066
3066
3067
3068
3068
3069
3070
3070
3070
3071
3072
3074
3076
3076
3078
3078
3079
3079
3080
3080
3081
3081
3084
3084
3088
3088
3089
3092
3092
3093
3094
3095
3096
3097
3097
3098
3100
3101
3105
3105
3107
3108
3108
3110
3110
3110
3110
3111
3114
3114
3115
3115
3115
3116
3118
3119
3119
3120
3120
3121
3122
3123
3124
3126
3127
3127
3128
3129
3131
3131
3132
3137
3138
3138
3138
3139
3139
3145
3145
3145
3147
3148
3151
3151
3152
3154
3155
3155
3156
3156
3156
3158
3159
3160
3160
3161
3162
3166
3170
3171
3171
3172
3173
3174
3175
3177
3178
3178
3179
3179
3179
3180
3180
3180
3180
3181
3183
3183
3185
3185
3185
3187
3187
3188
3191
3191
3192
3192
3192
3192
3194
3195
3195
3196
3196
3197
3197
3199
3199
3202
3202
3203
3203
3205
3205
3205
3205
3206
3208
3208
3209
3210
3211
3211
3214
3215
3215
3216
3216
3217
3217
3218
3220
3220
3222
3224
3224
3225
3225
3226
3228
3228
3229
3229
3229
3231
3231
3233
3236
3237
3238
3239
3239
3239
3240
3240
3241
3243
3244
3245
3245
3248
3249
3250
3250
3251
3251
3252
3254
3254
3254
3256
3257
3257
3258
3259
3259
3260
3261
3263
3266
3266
3268
3270
3273
3274
3276
3277
3280
3280
3282
3283
3283
3283
3284
3285
3285
3285
3287
3289
3290
3290
3291
3291
3291
3295
3296
3296
3297
3298
3298
3300
3300
3300
3300
3301
3306
3306
3307
3307
3307
3307
3313
3314
3317
3319
3322
3323
3324
3324
3325
3325
3325
3326
3327
3328
3328
3329
3330
3330
3331
3332
3334
3335
3338
3338
3340
3341
3342
3343
3343
3344
3348
3348
3349
3349
3349
3349
3352
3353
3354
3355
3355
3360
3360
3363
3364
3368
3368
3368
3369
3369
3369
3370
3371
3372
3374
3374
3375
3376
3376
3380
3382
3382
3382
3382
3385
3385
3385
3386
3386
3386
3386
3387
3387
3387
3388
3389
3390
3393
3393
3394
3394
3396
3397
3398
3398
3399
3401
3402
3402
3402
3403
3404
3404
3408
3412
3413
3413
3413
3415
3419
3420
3421
3421
3422
3422
3424
3424
3424
3425
3426
3428
3429
3430
3431
3432
3432
3433
3435
3436
3436
3438
3439
3439
3443
3445
3446
3446
3446
3446
3448
3448
3448
3449
3450
3450
3452
3452
3453
3453
3454
3454
3456
3457
3460
3460
3464
3465
3466
3466
3466
3468
3470
3472
3472
3474
3474
3476
3477
3477
3479
3480
3481
3482
3482
3484
3484
3484
3485
3486
3488
3490
3492
3492
3493
3497
3497
3499
3500
3502
3504
3506
3509
3511
3513
3513
3514
3515
3519
3519
3521
3522
3522
3523
3524
3524
3524
3525
3525
3526
3527
3527
3528
3529
3530
3530
3530
3532
3533
3533
3535
3535
3535
3538
3539
3540
3540
3541
3542
3542
3543
3544
3546
3547
3548
3550
3551
3553
3554
3555
3555
3555
3558
3559
3560
3560
3560
3561
3561
3564
3565
3567
3567
3569
3569
3572
3572
3572
3572
3574
3574
3574
3575
3576
3576
3577
3578
3578
3579
3580
3580
3581
3581
3582
3583
3585
3586
3586
3586
3587
3587
3587
3589
3590
3590
3591
3593
3593
3593
3593
3595
3596
3597
3597
3598
3598
3599
3600
3601
3601
3601
3601
3603
3604
3604
3605
3605
3607
3608
3609
3609
3611
3611
3612
3613
3614
3615
3618
3620
3622
3623
3624
3624
3625
3626
3627
3627
3627
3628
3628
3628
3628
3628
3629
3630
3630
3630
3631
3631
3631
3632
3633
3634
3634
3635
3637
3639
3639
3642
3642
3643
3645
3645
3646
3646
3646
3647
3647
3648
3650
3651
3653
3653
3654
3656
3656
3657
3658
3659
3659
3660
3661
3661
3663
3664
3664
3665
3665
3665
3666
3666
3667
3669
3669
3670
3670
3670
3671
3672
3674
3674
3675
3676
3678
3680
3682
3682
3682
3683
3683
3686
3687
3688
3690
3691
3692
3692
3693
3693
3693
3693
3696
3696
3696
3697
3698
3699
3699
3699
3700
3700
3702
3703
3704
3706
3706
3706
3707
3708
3709
3709
3710
3710
3712
3715
3715
3715
3717
3717
3718
3719
3719
3720
3722
3725
3725
3726
3726
3727
3727
3727
3728
3728
3733
3733
3733
3734
3736
3736
3737
3737
3738
3738
3739
3740
3740
3742
3746
3748
3748
3748
3748
3749
3750
3750
3753
3754
3754
3755
3755
3757
3758
3760
3761
3763
3764
3764
3765
3766
3767
3768
3770
3771
3772
3772
3773
3774
3774
3774
3775
3775
3776
3776
3776
3778
3780
3783
3784
3784
3791
3791
3794
3796
3796
3797
3797
3797
3798
3802
3805
3808
3808
3808
3809
3809
3811
3813
3814
3814
3815
3816
3817
3817
3818
3819
3819
3820
3820
3822
3822
3827
3829
3834
3838
3839
3839
3840
3841
3841
3845
3847
3848
3848
3849
3853
3853
3853
3854
3854
3856
3856
3861
3862
3864
3864
3864
3866
3869
3871
3873
3874
3874
3876
3878
3879
3879
3882
3882
3882
3883
3884
3885
3886
3886
3887
3887
3889
3889
3891
3891
3891
3891
3891
3893
3893
3893
3893
3897
3897
3898
3898
3899
3899
3900
3900
3901
3901
3901
3902
3904
3904
3904
3906
3906
3907
3907
3907
3907
3908
3909
3909
3912
3912
3914
3917
3918
3919
3920
3920
3921
3921
3923
3923
3923
3923
3924
3924
3926
3926
3926
3926
3927
3929
3929
3930
3931
3931
3932
3934
3936
3938
3939
3939
3940
3940
3941
3943
3944
3944
3945
3945
3945
3945
3945
3948
3949
3950
3950
3950
3956
3958
3959
3960
3961
3961
3962
3962
3965
3966
3966
3967
3968
3968
3968
3970
3970
3970
3972
3974
3976
3976
3976
3977
3978
3979
3980
3981
3981
3982
3983
3983
3984
3985
3985
3986
3987
3988
3989
3989
3990
3990
3991
3992
3993
3996
3998
3998
3999
4001
4002
4002
4003
4005
4005
4006
4006
4007
4008
4008
4008
4012
4012
4012
4012
4013
4019
4022
4023
4023
4024
4024
4025
4025
4027
4028
4029
4030
4030
4030
4031
4033
4033
4033
4034
4035
4037
4045
4046
4047
4047
4050
4050
4050
4053
4053
4055
4055
4055
4055
4058
4059
4059
4059
4060
4061
4066
4066
4066
4066
4066
4067
4067
4068
4068
4070
4071
4071
4072
4073
4074
4076
4076
4077
4078
4078
4078
4078
4079
4079
4079
4080
4080
4082
4082
4083
4085
4085
4088
4089
4089
4090
4090
4091
4092
4092
4093
4094
4097
4098
4099
4099
4099
4101
4102
4103
4105
4105
4107
4107
4108
4108
4113
4114
4117
4117
4117
4118
4118
4118
4118
4118
4119
4119
4121
4122
4122
4123
4124
4125
4125
4126
4128
4128
4129
4129
4129
4130
4132
4133
4134
4135
4136
4136
4137
4140
4142
4143
4143
4143
4146
4148
4148
4148
4149
4151
4151
4152
4154
4155
4157
4157
4158
4159
4160
4160
4161
4161
4161
4162
4163
4164
4165
4165
4165
4166
4166
4169
4172
4173
4174
4175
4175
4176
4177
4178
4178
4178
4179
4180
4180
4180
4182
4183
4184
4184
4184
4185
4186
4188
4188
4188
4188
4189
4189
4191
4191
4194
4196
4197
4197
4199
4200
4200
4200
4204
4205
4207
4207
4207
4209
4209
4209
4210
4211
4217
4220
4220
4222
4226
4227
4227
4228
4230
4230
4230
4230
4234
4234
4237
4237
4237
4238
4238
4238
4238
4239
4242
4243
4244
4244
4245
4246
4248
4249
4251
4252
4252
4253
4254
4254
4254
4256
4256
4257
4257
4258
4258
4264
4264
4265
4265
4266
4266
4267
4267
4267
4268
4269
4270
4270
4272
4273
4276
4276
4277
4281
4281
4281
4281
4281
4282
4283
4285
4288
4291
4292
4292
4292
4294
4294
4295
4297
4298
4300
4300
4301
4301
4302
4303
4304
4305
4309
4310
4310
4311
4311
4312
4315
4315
4315
4315
4316
4317
4318
4321
4322
4323
4323
4324
4325
4326
4327
4328
4330
4330
4330
4331
4332
4332
4333
4333
4335
4336
4336
4337
4339
4339
4340
4340
4344
4345
4345
4347
4348
4349
4352
4352
4353
4354
4355
4358
4359
4360
4361
4362
4362
4363
4364
4365
4366
4370
4370
4372
4375
4375
4376
4378
4379
4380
4380
4380
4381
4382
4382
4383
4384
4385
4386
4390
4390
4391
4391
4391
4391
4392
4394
4394
4395
4395
4395
4395
4396
4399
4400
4403
4403
4404
4405
4405
4406
4406
4407
4407
4410
4411
4414
4418
4419
4420
4421
4423
4423
4424
4424
4426
4427
4427
4427
4428
4428
4429
4432
4432
4434
4435
4436
4436
4437
4438
4439
4440
4441
4441
4443
4443
4444
4444
4445
4445
4446
4448
4448
4450
4450
4450
4451
4452
4453
4454
4454
4454
4456
4457
4458
4459
4462
4462
4464
4468
4470
4471
4471
4473
4474
4474
4475
4476
4476
4477
4477
4481
4481
4482
4483
4483
4486
4487
4487
4489
4490
4490
4491
4492
4492
4493
4494
4497
4503
4506
4507
4508
4508
4510
4511
4512
4512
4513
4515
4517
4517
4517
4518
4519
4520
4523
4523
4523
4524
4525
4525
4525
4526
4527
4529
4530
4531
4532
4533
4537
4538
4538
4538
4538
4539
4542
4542
4542
4543
4544
4545
4546
4548
4551
4554
4555
4557
4558
4558
4560
4561
4562
4563
4564
4568
4568
4568
4568
4568
4569
4570
4570
4570
4570
4572
4572
4575
4577
4577
4578
4579
4580
4581
4582
4584
4584
4585
4586
4586
4587
4587
4588
4589
4591
4595
4595
4596
4596
4598
4599
4599
4600
4601
4601
4603
4603
4604
4605
4606
4606
4606
4607
4608
4609
4609
4613
4614
4616
4617
4617
4619
4620
4621
4621
4623
4624
4624
4624
4625
4627
4628
4628
4630
4631
4632
4632
4632
4633
4635
4637
4637
4637
4637
4638
4639
4642
4643
4645
4646
4646
4648
4649
4650
4650
4652
4654
4654
4655
4656
4657
4658
4660
4663
4665
4667
4668
4671
4671
4673
4674
4675
4675
4676
4677
4679
4679
4679
4680
4681
4683
4683
4684
4685
4689
4689
4689
4692
4693
4694
4695
4697
4699
4700
4700
4700
4701
4704
4705
4705
4706
4707
4708
4709
4709
4710
4710
4711
4711
4712
4712
4713
4713
4715
4715
4716
4717
4718
4721
4722
4722
4724
4725
4725
4725
4726
4728
4728
4728
4729
4729
4730
4732
4732
4735
4737
4738
4739
4739
4740
4740
4741
4742
4743
4745
4745
4746
4747
4747
4748
4749
4749
4752
4752
4753
4754
4754
4754
4756
4757
4758
4761
4761
4761
4762
4763
4763
4764
4765
4766
4766
4766
4767
4769
4769
4770
4770
4771
4771
4772
4773
4775
4776
4778
4778
4778
4778
4781
4782
4783
4783
4785
4785
4786
4787
4787
4787
4788
4790
4792
4792
4793
4793
4794
4795
4796
4797
4798
4798
4801
4802
4802
4805
4806
4806
4807
4808
4808
4809
4810
4811
4812
4812
4812
4814
4815
4817
4818
4820
4821
4821
4821
4822
4822
4822
4824
4830
4832
4835
4836
4836
4837
4838
4839
4840
4841
4841
4842
4842
4843
4844
4846
4846
4847
4848
4850
4850
4850
4850
4851
4851
4853
4854
4855
4855
4857
4857
4859
4861
4861
4862
4863
4863
4863
4864
4864
4864
4865
4868
4869
4869
4869
4870
4876
4877
4877
4879
4880
4882
4883
4886
4886
4886
4889
4891
4891
4892
4893
4894
4895
4895
4896
4897
4897
4897
4898
4899
4899
4899
4901
4902
4902
4903
4903
4905
4906
4907
4909
4911
4911
4915
4916
4916
4917
4917
4917
4917
4920
4921
4923
4923
4924
4925
4927
4927
4930
4931
4932
4933
4933
4934
4935
4935
4936
4938
4940
4941
4942
4944
4944
4948
4948
4949
4950
4950
4950
4950
4952
4954
4954
4954
4956
4956
4957
4959
4961
4961
4962
4962
4963
4964
4965
4965
4965
4969
4970
4971
4971
4972
4973
4974
4977
4977
4977
4978
4980
4983
4984
4985
4985
4986
4986
4988
4989
4991
4991
4991
4993
4995
4997
4998
4998
4999
5000
5000
5000
5001
5001
5003
5004
5004
5004
5011
5011
5011
5013
5013
5013
5014
5014
5015
5015
5016
5017
5018
5019
5020
5021
5022
5022
5023
5024
5024
5025
5027
5027
5028
5029
5030
5030
5031
5031
5036
5036
5038
5042
5042
5042
5042
5043
5044
5045
5046
5046
5047
5047
5048
5049
5053
5053
5053
5053
5054
5054
5054
5056
5056
5056
5058
5058
5059
5059
5060
5061
5061
5064
5066
5066
5066
5066
5069
5069
5070
5071
5073
5074
5074
5074
5075
5075
5076
5077
5079
5080
5081
5082
5083
5084
5084
5085
5087
5090
5090
5090
5091
5092
5094
5094
5094
5094
5096
5096
5096
5097
5097
5099
5099
5099
5100
5101
5102
5103
5105
5106
5108
5109
5110
5111
5111
5117
5117
5121
5121
5125
5125
5125
5127
5127
5127
5129
5129
5130
5130
5131
5133
5133
5139
5140
5144
5147
5149
5149
5151
5152
5154
5156
5158
5161
5163
5163
5164
5164
5168
5168
5168
5168
5170
5171
5172
5172
5172
5174
5175
5177
5178
5179
5180
5181
5181
5184
5185
5187
5189
5189
5189
5189
5191
5191
5193
5194
5195
5199
5199
5199
5199
5200
5201
5201
5202
5203
5206
5206
5207
5207
5207
5209
5209
5210
5211
5212
5212
5213
5214
5215
5216
5219
5220
5221
5221
5223
5224
5230
5230
5230
5233
5234
5235
5236
5237
5238
5238
5241
5241
5242
5243
5249
5250
5250
5250
5251
5251
5252
5254
5255
5255
5256
5256
5257
5257
5257
5258
5259
5264
5267
5267
5270
5274
5275
5275
5275
5277
5277
5279
5283
5288
5288
5291
5292
5293
5293
5293
5293
5294
5297
5298
5298
5299
5299
5299
5300
5302
5303
5304
5308
5309
5310
5310
5314
5315
5315
5317
5317
5318
5318
5318
5320
5320
5322
5324
5325
5326
5327
5328
5329
5331
5331
5331
5331
5331
5332
5334
5334
5335
5338
5339
5339
5339
5340
5340
5343
5344
5344
5344
5345
5346
5347
5347
5350
5351
5353
5353
5353
5354
5356
5357
5358
5359
5361
5361
5362
5365
5365
5366
5367
5368
5368
5369
5370
5370
5371
5371
5376
5377
5377
5377
5379
5379
5380
5380
5381
5381
5382
5382
5384
5387
5388
5388
5389
5390
5390
5390
5391
5391
5392
5392
5394
5396
5397
5397
5399
5401
5402
5403
5403
5405
5405
5406
5407
5408
5408
5409
5409
5410
5412
5414
5414
5417
5417
5418
5419
5420
5420
5420
5421
5423
5425
5426
5426
5427
5428
5428
5429
5429
5429
5432
5434
5434
5435
5438
5438
5439
5440
5442
5443
5444
5446
5446
5447
5447
5447
5447
5449
5451
5452
5452
5452
5453
5453
5454
5454
5455
5458
5458
5459
5459
5460
5460
5463
5465
5466
5467
5467
5467
5468
5468
5470
5470
5471
5471
5471
5471
5471
5473
5475
5478
5478
5478
5480
5481
5482
5482
5484
5484
5484
5485
5488
5488
5490
5491
5492
5494
5495
5496
5497
5500
5502
5503
5504
5506
5509
5510
5511
5513
5514
5516
5516
5517
5519
5523
5523
5524
5524
5524
5525
5526
5530
5532
5532
5533
5533
5535
5536
5536
5536
5537
5537
5537
5539
5539
5540
5543
5544
5544
5546
5548
5549
5550
5550
5550
5550
5551
5551
5552
5553
5553
5555
5556
5557
5557
5560
5561
5563
5564
5564
5566
5567
5568
5569
5570
5571
5571
5571
5572
5572
5572
5572
5573
5574
5575
5579
5580
5580
5580
5582
5582
5584
5586
5587
5587
5587
5587
5588
5589
5590
5591
5594
5597
5598
5600
5601
5601
5602
5603
5604
5605
5606
5608
5608
5608
5614
5615
5615
5616
5617
5618
5618
5619
5620
5622
5622
5625
5625
5626
5627
5627
5629
5629
5632
5633
5633
5635
5636
5639
5640
5643
5645
5645
5645
5647
5649
5649
5649
5649
5653
5653
5654
5654
5655
5656
5656
5656
5657
5657
5659
5659
5659
5662
5663
5663
5664
5664
5664
5665
5668
5671
5672
5674
5676
5677
5678
5679
5679
5680
5681
5682
5682
5683
5684
5685
5685
5687
5688
5689
5689
5689
5690
5690
5692
5692
5692
5696
5697
5698
5700
5700
5701
5703
5704
5704
5707
5709
5709
5711
5711
5713
5714
5722
5722
5722
5722
5724
5724
5725
5725
5725
5726
5727
5728
5728
5732
5733
5733
5733
5733
5733
5737
5738
5740
5740
5740
5740
5744
5745
5745
5746
5747
5748
5748
5749
5750
5752
5754
5754
5755
5756
5756
5757
5757
5757
5759
5759
5763
5764
5765
5766
5768
5768
5769
5769
5770
5770
5770
5772
5777
5777
5778
5778
5778
5778
5780
5781
5784
5785
5786
5787
5789
5789
5790
5790
5797
5797
5798
5798
5799
5799
5799
5800
5801
5802
5802
5802
5807
5808
5808
5808
5808
5810
5810
5811
5811
5813
5814
5814
5814
5816
5819
5820
5823
5823
5824
5824
5825
5827
5827
5827
5829
5829
5830
5830
5831
5832
5832
5832
5832
5833
5833
5833
5834
5835
5836
5839
5841
5842
5843
5844
5845
5847
5848
5852
5853
5853
5854
5854
5854
5855
5856
5858
5859
5860
5860
5861
5862
5864
5864
5866
5866
5867
5868
5869
5869
5871
5872
5875
5875
5875
5876
5878
5879
5879
5880
5881
5882
5882
5883
5885
5885
5886
5887
5890
5890
5891
5892
5893
5894
5896
5896
5897
5897
5900
5900
5902
5903
5904
5905
5905
5907
5907
5908
5908
5910
5911
5912
5913
5913
5913
5913
5916
5918
5918
5921
5923
5923
5924
5925
5926
5926
5927
5927
5927
5928
5928
5930
5931
5932
5933
5935
5936
5937
5938
5938
5940
5940
5942
5946
5947
5947
5947
5950
5952
5952
5954
5955
5957
5959
5960
5962
5962
5966
5969
5969
5970
5970
5970
5970
5971
5971
5971
5973
5973
5973
5975
5977
5977
5978
5979
5979
5979
5980
5982
5982
5982
5983
5984
5984
5984
5986
5987
5987
5990
5990
5990
5993
5993
5994
5994
5996
5999
6000
6000
6001
6002
6003
6005
6005
6006
6007
6007
6008
6009
6010
6010
6012
6012
6013
6013
6014
6014
6018
6018
6019
6020
6020
6020
6021
6022
6024
6027
6027
6028
6028
6028
6030
6030
6030
6032
6035
6035
6036
6036
6037
6041
6045
6045
6046
6047
6048
6049
6050
6051
6051
6051
6054
6055
6055
6056
6056
6056
6057
6057
6058
6060
6060
6061
6062
6063
6064
6066
6066
6066
6072
6072
6073
6074
6076
6077
6077
6078
6079
6081
6081
6081
6081
6083
6084
6086
6090
6091
6091
6091
6091
6094
6095
6096
6097
6099
6100
6102
6102
6106
6106
6106
6107
6109
6111
6111
6113
6114
6114
6114
6115
6115
6115
6117
6117
6118
6118
6118
6119
6119
6119
6119
6120
6120
6123
6124
6124
6125
6126
6127
6128
6128
6133
6134
6135
6138
6138
6138
6139
6140
6141
6142
6143
6143
6144
6144
6145
6148
6149
6150
6150
6150
6151
6152
6153
6154
6154
6154
6154
6155
6156
6156
6157
6160
6160
6160
6160
6161
6162
6165
6166
6167
6167
6168
6168
6170
6172
6172
6173
6174
6175
6176
6177
6179
6181
6182
6183
6185
6188
6190
6190
6192
6193
6195
6196
6196
6197
6200
6200
6200
6201
6203
6203
6204
6205
6205
6206
6209
6209
6210
6211
6214
6214
6218
6218
6218
6227
6228
6229
6229
6229
6230
6230
6233
6233
6234
6234
6235
6235
6236
6237
6238
6238
6239
6240
6240
6241
6242
6242
6243
6243
6244
6246
6246
6247
6249
6249
6250
6254
6256
6258
6258
6259
6260
6261
6261
6262
6263
6263
6264
6264
6265
6267
6267
6267
6268
6269
6270
6271
6273
6273
6275
6277
6278
6278
6279
6279
6280
6281
6281
6283
6283
6283
6283
6284
6284
6284
6285
6285
6286
6286
6287
6287
6287
6288
6289
6291
6291
6291
6292
6292
6294
6295
6296
6298
6301
6301
6302
6308
6308
6310
6310
6311
6311
6312
6313
6313
6317
6319
6319
6320
6320
6320
6321
6321
6324
6326
6327
6328
6328
6328
6328
6329
6330
6330
6331
6331
6334
6335
6335
6336
6336
6337
6337
6338
6338
6339
6339
6340
6342
6342
6344
6345
6346
6347
6349
6349
6349
6351
6352
6352
6352
6353
6353
6353
6353
6353
6355
6355
6356
6356
6358
6359
6360
6361
6362
6364
6364
6364
6365
6366
6367
6367
6368
6369
6369
6369
6369
6370
6370
6371
6373
6373
6373
6374
6374
6374
6375
6377
6377
6377
6378
6378
6379
6379
6380
6380
6381
6382
6383
6384
6384
6386
6388
6388
6389
6391
6391
6392
6392
6394
6394
6396
6398
6399
6401
6402
6404
6408
6410
6410
6411
6411
6412
6413
6416
6419
6420
6421
6426
6427
6428
6428
6433
6433
6434
6434
6434
6435
6435
6435
6436
6436
6437
6438
6441
6442
6442
6443
6443
6444
6445
6445
6447
6448
6448
6449
6449
6449
6449
6450
6451
6451
6452
6453
6454
6454
6456
6456
6456
6458
6458
6460
6460
6461
6463
6464
6466
6466
6467
6470
6471
6471
6473
6473
6474
6474
6476
6477
6479
6481
6483
6485
6486
6487
6489
6490
6491
6491
6491
6496
6496
6499
6500
6505
6505
6507
6508
6515
6516
6516
6516
6518
6518
6520
6520
6520
6521
6521
6522
6522
6523
6523
6523
6523
6526
6527
6527
6531
6532
6533
6535
6535
6536
6536
6537
6539
6544
6544
6545
6545
6546
6547
6548
6548
6548
6548
6552
6555
6555
6555
6557
6557
6558
6561
6562
6562
6563
6567
6568
6568
6570
6570
6573
6574
6575
6575
6576
6576
6577
6578
6578
6581
6582
6583
6583
6584
6584
6585
6585
6587
6588
6588
6589
6589
6590
6593
6593
6593
6594
6596
6596
6597
6598
6600
6600
6600
6603
6604
6605
6606
6606
6606
6606
6606
6609
6612
6615
6616
6616
6617
6618
6619
6620
6623
6624
6625
6626
6627
6628
6628
6629
6629
6629
6630
6631
6633
6635
6636
6637
6638
6639
6640
6641
6641
6642
6645
6646
6646
6647
6649
6650
6651
6651
6652
6654
6657
6658
6658
6659
6660
6660
6661
6661
6663
6663
6665
6665
6665
6669
6672
6673
6673
6674
6674
6675
6676
6676
6677
6677
6678
6678
6679
6679
6680
6680
6682
6683
6683
6685
6685
6687
6687
6688
6688
6691
6692
6694
6696
6697
6701
6701
6702
6702
6703
6704
6704
6708
6709
6710
6711
6713
6714
6715
6715
6718
6719
6719
6720
6720
6721
6722
6725
6725
6725
6726
6726
6727
6730
6731
6732
6732
6733
6733
6733
6734
6736
6736
6737
6737
6741
6743
6746
6750
6750
6751
6751
6752
6753
6753
6753
6756
6761
6761
6762
6762
6764
6765
6765
6765
6765
6766
6766
6773
6774
6775
6776
6776
6778
6778
6781
6782
6782
6782
6783
6784
6785
6786
6788
6788
6789
6789
6790
6790
6790
6793
6794
6796
6797
6798
6798
6800
6801
6801
6804
6807
6807
6807
6808
6808
6809
6809
6809
6813
6815
6815
6816
6816
6816
6817
6817
6818
6820
6821
6822
6823
6823
6824
6826
6827
6828
6831
6831
6832
6832
6833
6835
6835
6836
6836
6836
6837
6837
6837
6838
6839
6839
6841
6841
6843
6843
6843
6844
6845
6845
6846
6847
6847
6848
6848
6849
6850
6851
6851
6851
6853
6853
6856
6856
6856
6859
6859
6860
6860
6861
6861
6862
6863
6865
6865
6869
6872
6873
6874
6875
6875
6877
6878
6878
6879
6879
6880
6880
6880
6884
6884
6886
6887
6891
6891
6892
6894
6894
6894
6897
6898
6898
6902
6903
6904
6905
6906
6906
6907
6907
6908
6908
6910
6910
6910
6913
6914
6918
6919
6919
6920
6920
6922
6922
6923
6924
6925
6926
6929
6929
6930
6931
6931
6931
6932
6932
6932
6933
6933
6934
6934
6935
6938
6938
6938
6939
6939
6941
6942
6943
6945
6946
6946
6946
6946
6947
6948
6949
6951
6952
6952
6953
6953
6953
6953
6955
6955
6955
6956
6956
6957
6958
6962
6964
6966
6967
6968
6968
6971
6971
6971
6973
6973
6976
6977
6977
6977
6979
6979
6981
6981
6982
6983
6983
6985
6985
6985
6986
6988
6989
6989
6989
6989
6990
6991
6992
6993
6993
6994
6994
6994
6994
6994
6998
7000
7000
7001
7004
7008
7008
7008
7010
7012
7013
7013
7015
7015
7016
7016
7020
7020
7021
7021
7023
7024
7026
7026
7028
7028
7028
7031
7032
7033
7034
7035
7035
7036
7036
7037
7037
7037
7038
7038
7042
7044
7046
7047
7048
7048
7049
7050
7052
7053
7054
7055
7057
7057
7057
7058
7060
7060
7062
7063
7063
7065
7067
7067
7068
7068
7069
7071
7071
7071
7071
7073
7073
7073
7076
7076
7080
7081
7081
7082
7083
7086
7087
7088
7089
7091
7092
7092
7093
7094
7095
7095
7095
7096
7098
7099
7101
7104
7104
7106
7106
7107
7108
7109
7110
7117
7117
7120
7121
7123
7124
7124
7126
7130
7131
7132
7135
7136
7137
7140
7141
7142
7142
7144
7145
7145
7145
7146
7150
7151
7153
7153
7155
7156
7156
7156
7160
7161
7163
7164
7168
7169
7170
7170
7172
7173
7175
7176
7178
7179
7180
7183
7184
7184
7185
7185
7187
7188
7191
7193
7194
7194
7197
7197
7198
7198
7203
7203
7204
7207
7207
7207
7207
7208
7209
7209
7211
7211
7212
7213
7213
7214
7215
7217
7224
7225
7225
7226
7226
7227
7230
7230
7230
7231
7231
7231
7232
7234
7234
7235
7235
7237
7238
7241
7241
7242
7243
7247
7247
7248
7250
7250
7250
7252
7254
7257
7257
7258
7258
7258
7260
7260
7260
7264
7265
7266
7266
7268
7268
7270
7272
7272
7273
7273
7273
7273
7274
7274
7275
7275
7276
7276
7276
7277
7277
7279
7279
7281
7282
7282
7282
7283
7284
7286
7286
7286
7287
7287
7289
7289
7290
7294
7296
7297
7297
7297
7301
7302
7302
7304
7305
7306
7306
7307
7307
7309
7309
7311
7311
7311
7311
7312
7312
7313
7314
7314
7315
7316
7317
7318
7319
7320
7320
7320
7320
7321
7322
7322
7323
7324
7324
7325
7325
7326
7327
7329
7329
7332
7332
7333
7333
7334
7334
7335
7335
7336
7337
7338
7338
7340
7340
7342
7342
7343
7346
7348
7350
7351
7357
7360
7362
7362
7362
7362
7363
7364
7365
7368
7369
7370
7370
7370
7371
7372
7374
7374
7375
7379
7383
7384
7385
7386
7387
7389
7390
7393
7395
7397
7398
7399
7401
7401
7402
7403
7405
7406
7407
7411
7412
7413
7414
7414
7417
7419
7420
7420
7421
7422
7423
7424
7426
7426
7428
7429
7431
7431
7433
7434
7434
7436
7437
7437
7437
7437
7438
7438
7438
7444
7445
7445
7446
7446
7446
7447
7448
7448
7449
7449
7450
7453
7455
7456
7457
7457
7460
7463
7464
7465
7466
7466
7468
7470
7471
7472
7473
7475
7476
7477
7477
7482
7482
7483
7483
7484
7484
7484
7485
7486
7486
7486
7487
7487
7487
7488
7489
7489
7489
7492
7493
7495
7496
7497
7498
7498
7498
7499
7499
7499
7501
7501
7502
7504
7504
7507
7507
7509
7510
7511
7512
7515
7518
7519
7521
7521
7523
7523
7524
7524
7525
7525
7526
7527
7528
7528
7534
7534
7535
7535
7536
7536
7537
7539
7540
7540
7540
7542
7542
7543
7543
7544
7545
7545
7547
7547
7547
7548
7548
7549
7549
7550
7550
7551
7551
7553
7553
7553
7553
7554
7555
7557
7558
7561
7562
7562
7562
7562
7564
7565
7565
7567
7570
7571
7576
7576
7576
7577
7577
7577
7578
7579
7580
7580
7581
7582
7582
7583
7584
7587
7587
7587
7588
7591
7593
7595
7595
7596
7597
7598
7599
7599
7600
7601
7601
7608
7609
7612
7615
7615
7620
7620
7620
7620
7622
7623
7624
7624
7624
7625
7626
7626
7626
7627
7629
7630
7634
7635
7638
7638
7640
7640
7641
7641
7643
7643
7643
7645
7647
7647
7647
7648
7650
7650
7652
7654
7655
7656
7656
7656
7657
7657
7658
7659
7660
7661
7662
7662
7668
7668
7670
7673
7674
7675
7676
7678
7682
7682
7683
7684
7684
7684
7688
7688
7689
7690
7691
7691
7691
7691
7692
7696
7698
7699
7700
7700
7700
7700
7701
7701
7702
7703
7705
7705
7705
7706
7708
7709
7710
7711
7711
7713
7715
7715
7716
7717
7717
7718
7719
7719
7721
7723
7724
7724
7725
7726
7727
7728
7728
7729
7729
7730
7731
7732
7733
7735
7735
7735
7735
7736
7736
7738
7739
7740
7740
7740
7741
7741
7742
7742
7743
7743
7744
7744
7744
7745
7746
7751
7752
7752
7753
7754
7755
7755
7756
7757
7757
7758
7758
7760
7760
7761
7761
7762
7763
7764
7765
7766
7766
7766
7767
7768
7769
7769
7769
7771
7771
7772
7774
7775
7776
7776
7778
7778
7781
7782
7784
7785
7785
7785
7785
7786
7787
7787
7788
7791
7791
7791
7792
7793
7795
7795
7795
7796
7797
7799
7801
7802
7803
7803
7805
7806
7808
7810
7811
7811
7811
7812
7813
7814
7816
7816
7816
7816
7817
7818
7819
7820
7821
7822
7824
7825
7827
7828
7829
7831
7833
7834
7837
7837
7838
7838
7839
7839
7841
7841
7844
7845
7846
7847
7849
7849
7849
7849
7851
7851
7852
7853
7853
7853
7855
7855
7855
7855
7856
7857
7858
7858
7858
7859
7859
7860
7861
7861
7863
7863
7865
7865
7866
7866
7866
7867
7868
7871
7874
7874
7874
7875
7877
7878
7879
7880
7883
7883
7884
7885
7887
7888
7890
7891
7891
7893
7897
7898
7899
7900
7901
7901
7902
7902
7902
7902
7903
7904
7904
7905
7905
7908
7908
7908
7909
7911
7912
7914
7914
7915
7917
7918
7918
7919
7920
7925
7925
7927
7927
7927
7930
7931
7932
7935
7936
7936
7936
7937
7937
7940
7940
7940
7941
7941
7943
7943
7946
7949
7953
7954
7955
7955
7956
7957
7959
7959
7961
7963
7964
7964
7965
7966
7967
7967
7968
7968
7968
7973
7974
7975
7975
7976
7978
7979
7979
7979
7980
7981
7982
7982
7983
7983
7983
7984
7985
7986
7987
7988
7988
7988
7988
7989
7989
7990
7992
7992
7992
7993
7993
7993
7995
7996
7997
7998
7998
7998
8000
8001
8001
8002
8002
8002
8002
8002
8003
8004
8004
8005
8006
8006
8008
8009
8010
8013
8013
8013
8015
8017
8017
8017
8017
8019
8021
8023
8023
8024
8024
8025
8028
8028
8029
8030
8032
8032
8033
8033
8033
8034
8035
8035
8035
8036
8036
8037
8038
8038
8038
8040
8041
8041
8042
8044
8044
8046
8047
8047
8049
8049
8049
8050
8050
8051
8052
8054
8054
8058
8059
8061
8061
8064
8065
8066
8068
8069
8071
8071
8072
8072
8073
8076
8076
8077
8078
8080
8084
8084
8085
8085
8087
8088
8089
8090
8090
8091
8091
8093
8094
8097
8098
8099
8100
8101
8103
8104
8104
8105
8106
8107
8107
8108
8109
8109
8110
8111
8112
8112
8114
8115
8117
8117
8117
8117
8118
8118
8118
8118
8118
8119
8119
8122
8122
8122
8123
8124
8125
8125
8126
8126
8127
8127
8128
8128
8129
8130
8131
8132
8133
8134
8135
8136
8137
8138
8138
8140
8141
8141
8141
8141
8143
8143
8143
8143
8144
8145
8146
8148
8148
8148
8151
8151
8153
8157
8158
8159
8161
8162
8163
8163
8164
8165
8166
8167
8171
8173
8176
8177
8178
8179
8181
8181
8182
8183
8183
8184
8184
8186
8187
8188
8188
8189
8190
8190
8191
8192
8193
8193
8195
8196
8196
8199
8200
8200
8200
8200
8200
8201
8202
8202
8202
8202
8205
8205
8206
8207
8208
8209
8210
8211
8211
8211
8211
8212
8214
8215
8216
8217
8217
8219
8219
8221
8222
8222
8223
8225
8226
8226
8227
8227
8227
8229
8229
8231
8234
8235
8236
8236
8237
8237
8237
8238
8239
8239
8240
8241
8243
8244
8245
8245
8246
8248
8249
8252
8254
8256
8257
8258
8260
8260
8260
8261
8261
8261
8262
8263
8264
8266
8270
8270
8273
8273
8273
8276
8278
8279
8279
8280
8280
8280
8282
8282
8284
8285
8286
8286
8287
8287
8288
8288
8288
8290
8290
8290
8291
8292
8294
8294
8294
8296
8296
8296
8298
8299
8300
8300
8300
8302
8303
8303
8306
8306
8307
8308
8308
8308
8311
8311
8312
8312
8313
8316
8318
8320
8320
8320
8321
8321
8322
8322
8323
8325
8326
8330
8332
8334
8335
8335
8335
8336
8337
8338
8339
8340
8340
8343
8343
8345
8347
8348
8348
8348
8348
8348
8349
8352
8352
8352
8354
8355
8355
8355
8356
8359
8361
8361
8363
8363
8363
8364
8365
8365
8369
8370
8371
8372
8372
8373
8374
8375
8376
8377
8378
8378
8380
8380
8381
8381
8382
8383
8384
8384
8385
8386
8386
8387
8387
8387
8389
8391
8393
8393
8393
8394
8395
8395
8396
8396
8398
8398
8399
8399
8399
8400
8400
8401
8401
8406
8406
8408
8408
8409
8409
8410
8410
8411
8411
8413
8414
8414
8414
8418
8419
8420
8420
8421
8424
8425
8425
8427
8428
8430
8431
8431
8431
8433
8433
8434
8434
8435
8435
8435
8436
8439
8439
8440
8441
8441
8441
8441
8443
8443
8444
8447
8448
8449
8450
8450
8451
8453
8453
8455
8456
8457
8458
8458
8460
8463
8468
8469
8469
8470
8473
8474
8475
8475
8476
8479
8480
8480
8481
8481
8481
8484
8485
8486
8486
8492
8493
8493
8497
8498
8499
8500
8500
8501
8501
8504
8508
8509
8511
8511
8512
8513
8514
8515
8516
8516
8516
8517
8518
8518
8519
8519
8520
8520
8520
8523
8523
8524
8524
8525
8526
8528
8531
8531
8532
8533
8533
8534
8535
8536
8536
8538
8540
8540
8541
8541
8541
8541
8542
8542
8545
8545
8545
8545
8548
8548
8548
8550
8550
8550
8553
8553
8553
8554
8555
8555
8555
8557
8557
8558
8560
8560
8561
8561
8561
8562
8562
8567
8568
8569
8571
8572
8573
8575
8578
8580
8581
8582
8585
8587
8587
8587
8588
8588
8589
8592
8594
8597
8598
8598
8600
8600
8601
8602
8604
8604
8604
8605
8607
8609
8609
8610
8611
8614
8614
8616
8616
8616
8617
8617
8617
8621
8621
8624
8624
8626
8626
8627
8629
8630
8630
8631
8634
8635
8638
8639
8639
8641
8641
8641
8642
8643
8644
8645
8645
8645
8646
8646
8647
8648
8648
8649
8650
8651
8651
8655
8655
8655
8655
8657
8657
8658
8658
8659
8660
8661
8662
8662
8663
8664
8665
8668
8672
8673
8675
8675
8675
8677
8677
8677
8678
8678
8681
8681
8683
8686
8686
8686
8686
8688
8689
8689
8689
8690
8690
8691
8693
8694
8695
8698
8698
8698
8699
8699
8702
8704
8705
8706
8708
8709
8709
8710
8711
8714
8714
8717
8717
8717
8719
8720
8720
8721
8721
8722
8722
8724
8724
8724
8726
8727
8728
8728
8729
8730
8730
8730
8731
8731
8733
8734
8735
8735
8735
8736
8737
8740
8742
8743
8743
8746
8747
8747
8747
8749
8752
8752
8752
8753
8753
8753
8753
8754
8754
8755
8756
8760
8762
8763
8764
8765
8767
8771
8771
8771
8771
8773
8775
8775
8776
8780
8780
8781
8781
8782
8783
8783
8784
8788
8790
8791
8791
8791
8792
8792
8792
8792
8795
8796
8798
8798
8798
8799
8799
8800
8800
8803
8803
8803
8803
8804
8804
8804
8804
8806
8807
8808
8810
8811
8811
8811
8811
8812
8812
8812
8816
8816
8816
8817
8818
8818
8820
8820
8820
8821
8821
8823
8825
8825
8826
8826
8827
8828
8828
8829
8830
8830
8831
8831
8833
8833
8834
8834
8835
8836
8837
8838
8839
8842
8843
8844
8844
8844
8845
8846
8848
8850
8850
8850
8851
8851
8852
8853
8855
8856
8856
8857
8860
8863
8863
8865
8866
8869
8870
8870
8871
8872
8872
8878
8879
8879
8879
8880
8880
8881
8883
8884
8884
8884
8884
8885
8886
8887
8888
8889
8889
8890
8891
8891
8891
8893
8894
8899
8901
8901
8902
8905
8906
8906
8908
8908
8908
8911
8911
8912
8913
8914
8914
8915
8915
8916
8917
8917
8918
8919
8920
8923
8923
8926
8927
8927
8927
8929
8929
8931
8933
8934
8934
8934
8934
8935
8936
8940
8941
8942
8942
8943
8944
8945
8949
8952
8953
8954
8954
8954
8957
8957
8957
8959
8960
8960
8960
8961
8961
8962
8962
8963
8964
8964
8964
8971
8972
8972
8973
8973
8973
8978
8978
8978
8979
8980
8981
8981
8981
8982
8982
8983
8983
8984
8985
8985
8985
8985
8986
8987
8988
8990
8991
8991
8991
8992
8992
8993
8994
8997
8998
8998
8998
8998
9000
9001
9002
9004
9006
9007
9008
9008
9009
9010
9011
9011
9012
9013
9017
9017
9019
9020
9020
9021
9023
9023
9023
9024
9025
9025
9025
9025
9025
9026
9030
9030
9031
9035
9036
9036
9037
9037
9038
9038
9039
9039
9040
9044
9044
9046
9049
9051
9052
9053
9054
9056
9057
9058
9059
9060
9061
9063
9064
9065
9067
9069
9070
9071
9071
9071
9071
9072
9072
9073
9075
9076
9076
9076
9078
9079
9079
9079
9081
9081
9081
9081
9081
9084
9084
9085
9089
9092
9093
9094
9095
9096
9097
9097
9097
9097
9100
9101
9103
9103
9103
9104
9104
9104
9106
9106
9109
9109
9109
9110
9110
9111
9113
9114
9114
9115
9116
9118
9119
9119
9120
9121
9122
9124
9125
9126
9126
9127
9127
9128
9128
9129
9130
9130
9132
9132
9133
9134
9135
9136
9137
9137
9140
9141
9142
9142
9142
9143
9144
9144
9144
9145
9145
9145
9147
9148
9150
9151
9152
9152
9155
9155
9155
9156
9157
9157
9158
9158
9159
9159
9160
9161
9163
9164
9164
9166
9166
9167
9168
9170
9172
9172
9173
9173
9173
9174
9178
9180
9181
9181
9181
9181
9182
9184
9186
9188
9190
9191
9192
9192
9192
9194
9194
9195
9195
9197
9197
9199
9199
9199
9199
9200
9200
9200
9202
9202
9202
9204
9205
9207
9208
9208
9209
9210
9211
9211
9212
9216
9217
9218
9218
9220
9223
9223
9224
9224
9224
9224
9227
9227
9227
9229
9229
9231
9231
9231
9232
9232
9232
9232
9233
9235
9236
9237
9238
9238
9239
9240
9240
9240
9242
9243
9243
9246
9246
9248
9248
9249
9251
9252
9253
9254
9254
9254
9256
9258
9259
9260
9264
9266
9267
9267
9268
9269
9269
9270
9273
9274
9275
9275
9276
9276
9278
9278
9280
9281
9281
9284
9285
9286
9286
9286
9287
9287
9288
9288
9288
9289
9290
9291
9291
9292
9293
9294
9296
9297
9297
9298
9300
9300
9300
9300
9305
9306
9307
9308
9309
9309
9310
9310
9311
9312
9313
9313
9314
9315
9316
9316
9317
9318
9319
9320
9321
9321
9321
9323
9323
9325
9326
9326
9327
9328
9330
9332
9333
9334
9335
9337
9337
9338
9340
9340
9342
9342
9342
9346
9346
9348
9348
9349
9351
9352
9353
9357
9358
9358
9360
9360
9360
9361
9361
9363
9364
9366
9366
9367
9367
9373
9373
9373
9374
9374
9375
9375
9375
9376
9376
9376
9379
9380
9383
9383
9384
9386
9386
9387
9387
9388
9389
9390
9390
9390
9390
9392
9392
9393
9394
9399
9402
9403
9404
9410
9411
9411
9412
9414
9414
9414
9416
9417
9417
9417
9418
9419
9420
9420
9422
9423
9423
9423
9423
9424
9425
9426
9427
9428
9428
9429
9430
9431
9431
9432
9433
9435
9435
9435
9435
9435
9437
9437
9438
9438
9440
9440
9441
9441
9442
9442
9443
9444
9444
9445
9447
9449
9449
9452
9452
9456
9456
9456
9458
9460
9460
9460
9461
9463
9463
9464
9464
9465
9467
9467
9468
9470
9470
9471
9473
9473
9476
9476
9478
9479
9481
9482
9484
9486
9487
9488
9489
9489
9490
9492
9493
9495
9495
9496
9496
9500
9500
9500
9501
9503
9504
9504
9505
9505
9506
9507
9509
9512
9512
9512
9513
9513
9513
9513
9514
9515
9516
9516
9517
9517
9517
9517
9518
9521
9523
9524
9525
9527
9529
9530
9531
9533
9533
9535
9536
9536
9537
9538
9540
9540
9541
9541
9542
9544
9545
9547
9547
9547
9551
9551
9552
9552
9552
9554
9554
9555
9556
9556
9556
9557
9557
9557
9558
9558
9559
9559
9560
9562
9562
9562
9564
9565
9565
9565
9565
9565
9567
9567
9568
9568
9570
9571
9572
9575
9575
9577
9577
9577
9578
9579
9579
9579
9580
9580
9584
9584
9585
9586
9589
9589
9590
9593
9594
9594
9594
9596
9597
9602
9602
9605
9606
9612
9612
9612
9612
9614
9616
9617
9617
9617
9618
9619
9619
9620
9620
9621
9621
9621
9622
9623
9623
9624
9625
9631
9631
9631
9632
9633
9635
9637
9638
9638
9639
9640
9642
9643
9645
9647
9647
9648
9648
9649
9649
9649
9650
9651
9651
9652
9654
9654
9655
9658
9658
9658
9658
9659
9659
9659
9660
9662
9662
9663
9664
9666
9668
9669
9670
9673
9675
9675
9677
9678
9678
9678
9679
9679
9680
9681
9684
9686
9686
9687
9687
9687
9688
9688
9688
9689
9691
9696
9696
9697
9698
9701
9701
9705
9706
9706
9709
9710
9711
9711
9713
9713
9714
9714
9714
9716
9716
9717
9719
9721
9723
9724
9725
9726
9726
9727
9729
9730
9731
9731
9731
9731
9734
9734
9734
9736
9736
9743
9744
9745
9745
9745
9746
9747
9748
9748
9751
9751
9753
9753
9756
9757
9762
9763
9764
9765
9767
9769
9772
9775
9775
9781
9782
9783
9783
9784
9785
9786
9786
9787
9788
9788
9788
9789
9789
9792
9794
9794
9795
9795
9797
9797
9799
9801
9801
9803
9804
9805
9805
9806
9807
9809
9809
9809
9810
9812
9812
9814
9814
9815
9815
9816
9816
9816
9817
9819
9820
9820
9822
9823
9823
9824
9824
9826
9827
9827
9827
9829
9829
9831
9832
9833
9833
9835
9836
9836
9837
9837
9838
9838
9838
9838
9840
9841
9841
9842
9843
9843
9844
9845
9846
9846
9846
9849
9849
9850
9854
9855
9856
9856
9856
9856
9856
9860
9862
9862
9863
9863
9863
9864
9864
9864
9867
9867
9867
9867
9869
9869
9869
9870
9871
9874
9874
9875
9875
9876
9876
9877
9879
9881
9882
9884
9885
9886
9886
9886
9887
9888
9889
9892
9892
9894
9895
9898
9898
9898
9899
9900
9901
9902
9902
9902
9902
9903
9904
9905
9905
9907
9908
9909
9910
9910
9911
9912
9912
9912
9919
9919
9919
9921
9921
9921
9921
9922
9923
9924
9924
9924
9925
9926
9926
9927
9928
9928
9929
9929
9930
9931
9931
9932
9932
9933
9934
9934
9935
9936
9936
9939
9939
9939
9939
9940
9941
9942
9943
9943
9943
9945
9948
9948
9948
9949
9950
9951
9952
9953
9953
9953
9953
9954
9954
9954
9955
9955
9958
9958
9958
9959
9959
9962
9962
9964
9964
9965
9966
9967
9967
9967
9967
9968
9969
9970
9971
9972
9974
9977
9977
9978
9979
9981
9983
9983
9984
9985
9987
9991
9991
9992
9994
9995
9995
9995
9997
9997
9997
9999
