Time for Pass 1: 0.132
0
1
2
4
5
5
6
7
9
10
11
14
15
16
17
17
18
20
21
22
24
25
25
26
26
26
28
29
32
34
36
36
36
36
37
37
37
39
40
40
40
41
41
42
42
44
47
48
49
51
53
54
54
56
56
56
57
58
58
59
60
62
64
64
66
75
77
77
79
83
84
93
96
96
97
98
99
99
99
99
101
103
104
104
106
106
106
107
107
107
108
110
111
112
112
117
118
119
120
122
123
124
124
126
131
131
133
134
135
135
136
137
137
137
138
140
140
140
140
141
142
142
143
143
143
144
145
145
147
151
152
152
153
155
155
157
158
158
159
160
161
163
165
167
168
168
168
169
169
170
173
173
173
174
175
176
177
177
178
180
180
182
182
182
183
184
184
185
185
186
187
187
188
188
188
188
190
190
191
191
191
192
192
193
194
199
201
201
202
202
203
204
204
204
205
207
207
209
209
210
211
213
213
214
215
216
217
217
219
219
219
220
221
222
222
223
223
224
224
224
225
226
228
230
231
231
232
233
234
239
240
242
243
244
245
246
247
248
249
249
251
253
253
255
256
257
257
259
259
260
261
262
263
263
265
267
267
267
267
271
271
272
272
273
274
275
275
275
275
277
278
279
280
280
281
281
282
283
285
286
287
288
289
289
290
290
290
290
291
291
292
292
293
293
295
295
297
299
300
301
302
306
306
312
312
313
314
315
317
318
319
319
321
322
322
323
323
324
324
324
325
325
327
329
330
331
331
331
332
335
335
336
337
337
337
338
339
339
341
342
342
342
343
344
345
346
347
349
349
349
351
352
352
352
352
352
354
356
358
358
359
359
360
361
362
363
364
364
367
369
371
372
372
373
375
375
376
376
376
377
383
384
385
386
387
388
388
390
391
392
393
393
393
394
395
395
395
396
397
399
400
400
400
402
402
402
403
403
404
405
405
406
407
407
407
407
407
409
409
409
412
415
417
417
418
418
419
419
421
423
424
425
426
426
427
427
427
429
430
432
433
433
433
434
434
435
435
435
436
438
439
439
440
441
441
441
443
444
444
444
445
445
445
445
447
447
447
450
451
451
452
452
453
455
455
457
457
461
462
463
464
465
465
466
469
470
471
471
475
476
477
482
483
484
485
486
489
490
491
493
495
495
497
499
501
502
503
505
505
506
506
507
508
509
512
514
514
516
516
517
518
518
518
519
520
520
520
521
521
522
523
523
523
523
523
525
525
526
527
528
528
528
528
532
532
533
533
534
534
541
543
543
543
544
544
544
547
548
549
551
552
554
556
557
560
562
564
565
566
566
567
567
568
570
570
571
571
572
572
573
574
577
580
581
581
583
584
584
585
585
585
586
587
590
591
593
597
600
600
601
601
603
604
605
606
606
608
609
610
613
614
614
614
615
617
619
621
622
623
623
623
623
625
627
628
629
630
631
631
631
633
633
634
634
635
636
636
638
638
638
638
639
640
641
642
642
642
645
646
646
647
647
648
649
650
650
650
657
657
659
659
660
661
662
662
663
664
665
665
665
665
666
667
667
667
667
667
672
672
674
676
680
681
682
685
686
687
688
689
689
689
689
691
692
692
692
693
693
694
694
697
698
699
700
700
700
701
702
704
705
705
707
709
710
710
711
713
713
714
715
717
718
720
720
720
721
722
722
724
725
726
727
729
730
732
733
734
734
734
735
737
737
738
739
739
740
740
741
741
742
742
744
745
746
749
750
750
751
752
752
753
753
755
755
756
757
760
760
762
762
764
767
768
768
769
769
769
770
773
774
774
775
777
777
778
778
779
779
781
781
782
783
786
786
786
787
789
793
794
798
800
801
801
801
802
805
806
807
808
809
813
815
816
816
817
818
824
826
827
827
828
832
833
833
835
836
836
837
838
839
840
840
840
842
843
843
845
849
850
850
853
854
854
854
855
855
855
857
858
859
860
861
861
862
864
864
866
868
871
871
871
872
872
874
875
877
877
877
878
878
879
880
880
883
885
886
886
888
890
890
891
892
893
894
894
894
895
895
896
897
897
898
898
906
907
908
909
910
910
911
912
913
913
913
914
914
917
920
922
924
924
925
925
925
927
927
928
929
930
930
932
932
934
934
935
936
937
938
939
940
941
941
942
943
944
944
947
947
948
949
950
952
952
954
954
957
959
959
959
960
960
962
962
962
963
965
968
968
969
970
971
974
974
975
977
979
979
980
984
984
984
984
985
986
987
989
990
995
996
997
997
998
998
999
1000
1001
1002
1002
1003
1003
1003
1006
1006
1007
1008
1008
1009
1009
1009
1011
1012
1014
1014
1017
1018
1019
1019
1020
1020
1020
1021
1023
1023
1025
1025
1026
1027
1030
1030
1032
1034
1035
1037
1038
1039
1039
1039
1041
1041
1042
1043
1043
1046
1047
1050
1050
1051
1051
1052
1052
1053
1053
1053
1054
1054
1055
1056
1056
1056
1057
1058
1059
1059
1059
1059
1061
1061
1066
1066
1067
1068
1068
1068
1072
1072
1072
1073
1074
1074
1075
1076
1078
1079
1079
1080
1081
1081
1082
1084
1084
1085
1085
1086
1088
1088
1089
1089
1090
1091
1092
1092
1092
1093
1094
1094
1094
1099
1100
1101
1102
1103
1105
1106
1107
1107
1110
1115
1116
1118
1118
1118
1119
1120
1121
1122
1122
1122
1123
1124
1124
1125
1126
1127
1127
1130
1130
1130
1132
1132
1135
1136
1137
1137
1140
1141
1145
1146
1149
1150
1150
1150
1154
1155
1155
1156
1156
1157
1158
1160
1160
1160
1160
1161
1161
1161
1162
1164
1165
1165
1165
1166
1168
1169
1170
1170
1170
1171
1171
1172
1173
1179
1182
1183
1183
1184
1185
1187
1188
1188
1189
1189
1189
1190
1191
1191
1192
1195
1196
1198
1199
1199
1199
1199
1201
1202
1207
1207
1208
1208
1210
1211
1212
1213
1213
1213
1213
1215
1216
1216
1216
1218
1219
1221
1223
1224
1224
1225
1226
1231
1232
1232
1233
1234
1235
1236
1240
1242
1245
1245
1246
1246
1246
1247
1247
1248
1248
1249
1249
1250
1250
1254
1255
1256
1256
1257
1257
1257
1257
1258
1258
1259
1259
1259
1261
1262
1263
1263
1263
1263
1263
1263
1264
1264
1264
1265
1265
1266
1269
1271
1273
1274
1274
1276
1277
1277
1278
1279
1283
1283
1283
1285
1288
1289
1290
1290
1291
1291
1292
1293
1294
1294
1294
1294
1294
1296
1296
1297
1298
1298
1299
1303
1303
1303
1304
1305
1305
1305
1305
1307
1308
1310
1311
1311
1313
1314
1315
1316
1317
1319
1319
1320
1321
1325
1325
1325
1326
1326
1326
1326
1329
1329
1330
1332
1332
1333
1333
1334
1335
1335
1336
1336
1339
1340
1340
1340
1342
1343
1343
1346
1346
1347
1348
1350
1352
1352
1353
1354
1357
1357
1359
1366
1366
1368
1369
1369
1373
1374
1377
1377
1377
1378
1379
1379
1381
1382
1383
1383
1385
1386
1386
1386
1386
1390
1391
1393
1393
1394
1396
1398
1400
1401
1401
1402
1402
1402
1403
1403
1404
1404
1405
1405
1407
1408
1409
1410
1411
1413
1414
1414
1415
1416
1417
1417
1418
1418
1418
1418
1419
1420
1421
1422
1423
1423
1424
1427
1427
1427
1427
1428
1430
1435
1436
1437
1437
1440
1441
1441
1444
1444
1444
1446
1446
1449
1449
1450
1451
1452
1453
1454
1455
1455
1455
1456
1456
1456
1457
1457
1457
1458
1459
1461
1462
1462
1462
1462
1463
1465
1469
1470
1470
1472
1473
1476
1477
1479
1480
1481
1481
1483
1484
1485
1486
1486
1488
1489
1492
1493
1495
1498
1499
1500
1500
1500
1501
1502
1502
1503
1505
1506
1510
1514
1514
1515
1515
1515
1516
1516
1517
1520
1520
1521
1522
1522
1523
1523
1524
1524
1524
1525
1525
1526
1527
1527
1528
1528
1528
1530
1531
1531
1533
1534
1535
1535
1536
1537
1537
1538
1540
1541
1542
1544
1545
1546
1548
1548
1553
1556
1556
1557
1558
1558
1559
1559
1563
1563
1564
1566
1569
1569
1570
1570
1571
1572
1573
1575
1575
1576
1579
1579
1581
1581
1582
1587
1588
1589
1590
1592
1592
1594
1594
1594
1594
1599
1601
1601
1602
1603
1607
1608
1608
1609
1610
1611
1611
1611
1611
1612
1614
1614
1615
1615
1616
1617
1618
1619
1619
1620
1622
1623
1625
1626
1627
1629
1632
1632
1634
1634
1634
1637
1637
1640
1647
1647
1647
1651
1651
1651
1655
1656
1656
1658
1658
1660
1660
1661
1661
1664
1664
1664
1665
1668
1668
1668
1668
1669
1670
1672
1672
1672
1673
1673
1674
1675
1676
1676
1676
1677
1678
1679
1681
1687
1687
1691
1691
1692
1693
1694
1696
1696
1698
1698
1699
1700
1701
1703
1705
1708
1708
1709
1709
1710
1710
1710
1712
1712
1713
1713
1717
1718
1721
1721
1722
1724
1725
1725
1728
1728
1728
1729
1729
1729
1731
1731
1731
1732
1732
1733
1733
1734
1734
1734
1737
1740
1741
1743
1743
1744
1745
1746
1747
1748
1748
1748
1749
1751
1755
1758
1759
1762
1763
1764
1765
1766
1766
1766
1766
1768
1770
1770
1770
1774
1775
1775
1775
1776
1778
1778
1779
1783
1783
1786
1787
1788
1790
1791
1791
1791
1794
1795
1795
1795
1796
1797
1799
1801
1801
1802
1803
1803
1803
1805
1805
1805
1806
1806
1806
1809
1811
1812
1815
1815
1815
1815
1816
1819
1821
1821
1821
1822
1823
1824
1826
1829
1829
1834
1835
1836
1840
1840
1840
1840
1841
1843
1844
1844
1847
1848
1848
1850
1852
1853
1853
1853
1855
1855
1856
1857
1858
1858
1861
1862
1863
1864
1868
1868
1869
1870
1870
1871
1872
1872
1873
1874
1875
1876
1876
1877
1878
1878
1878
1883
1883
1885
1886
1886
1887
1887
1887
1888
1891
1892
1892
1892
1893
1894
1895
1896
1896
1897
1897
1898
1898
1899
1901
1902
1902
1903
1904
1905
1906
1906
1906
1907
1907
1907
1908
1910
1910
1912
1912
1912
1913
1913
1914
1916
1917
1918
1918
1919
1920
1921
1921
1923
1924
1926
1926
1930
1931
1932
1933
1933
1934
1935
1936
1939
1939
1941
1941
1942
1945
1947
1947
1948
1948
1949
1949
1950
1951
1951
1952
1953
1956
1957
1957
1959
1963
1963
1965
1965
1971
1972
1973
1978
1979
1981
1981
1981
1983
1984
1985
1986
1988
1989
1989
1992
1993
1994
1994
1994
1995
1995
1995
1995
1996
1997
1998
1998
2000
2000
2001
2001
2001
2002
2002
2004
2005
2005
2005
2005
2010
2011
2012
2012
2013
2014
2014
2015
2016
2017
2017
2017
2019
2020
2020
2021
2023
2023
2024
2025
2025
2026
2027
2029
2029
2029
2029
2029
2032
2034
2035
2037
2037
2038
2041
2044
2044
2045
2049
2051
2052
2052
2054
2055
2057
2058
2060
2060
2062
2063
2063
2063
2064
2065
2066
2069
2071
2071
2071
2072
2072
2072
2072
2082
2083
2085
2085
2086
2086
2088
2089
2090
2090
2093
2095
2095
2097
2097
2098
2098
2099
2099
2102
2103
2104
2104
2105
2106
2107
2107
2107
2107
2109
2111
2114
2114
2114
2114
2116
2116
2116
2116
2116
2116
2117
2117
2118
2119
2121
2121
2121
2122
2123
2124
2124
2127
2127
2127
2127
2128
2129
2129
2129
2129
2130
2131
2131
2132
2133
2136
2138
2139
2139
2139
2140
2142
2143
2144
2144
2146
2147
2147
2148
2150
2151
2151
2153
2153
2155
2155
2158
2160
2162
2163
2163
2165
2166
2166
2167
2169
2173
2175
2176
2176
2178
2179
2180
2181
2181
2181
2182
2182
2183
2185
2185
2185
2186
2186
2188
2189
2190
2191
2193
2194
2197
2198
2199
2199
2201
2202
2210
2211
2212
2213
2214
2215
2216
2219
2220
2221
2224
2224
2225
2226
2228
2233
2233
2234
2236
2236
2236
2237
2237
2237
2237
2237
2238
2240
2241
2241
2245
2246
2247
2247
2249
2251
2252
2252
2253
2256
2256
2257
2259
2259
2259
2260
2260
2261
2261
2262
2262
2264
2266
2267
2267
2271
2273
2273
2274
2274
2275
2276
2278
2279
2279
2280
2280
2282
2284
2284
2284
2285
2286
2287
2288
2288
2290
2293
2294
2294
2295
2296
2298
2300
2300
2301
2301
2301
2302
2303
2304
2304
2306
2306
2308
2308
2311
2313
2313
2314
2314
2318
2318
2319
2321
2322
2324
2325
2325
2325
2326
2326
2327
2329
2329
2330
2330
2332
2335
2337
2338
2339
2340
2340
2342
2343
2344
2346
2348
2349
2349
2349
2349
2351
2352
2353
2354
2354
2356
2357
2357
2359
2360
2360
2362
2363
2364
2365
2365
2366
2366
2366
2368
2368
2369
2369
2370
2373
2373
2373
2375
2376
2377
2377
2378
2380
2380
2380
2380
2382
2383
2384
2386
2386
2387
2388
2389
2390
2390
2394
2395
2396
2397
2397
2398
2399
2399
2400
2402
2402
2403
2403
2403
2403
2406
2406
2407
2408
2408
2408
2408
2408
2409
2414
2415
2415
2416
2417
2417
2417
2417
2418
2419
2420
2421
2422
2423
2424
2424
2424
2425
2425
2426
2427
2427
2427
2428
2428
2429
2429
2429
2430
2430
2430
2431
2431
2432
2432
2433
2433
2434
2434
2436
2437
2438
2439
2439
2442
2442
2443
2446
2448
2448
2449
2449
2449
2450
2451
2452
2453
2454
2455
2455
2456
2457
2457
2457
2458
2458
2460
2460
2460
2460
2461
2461
2461
2463
2464
2464
2465
2468
2469
2471
2472
2472
2479
2479
2480
2482
2482
2482
2482
2483
2483
2484
2485
2485
2488
2488
2489
2489
2490
2490
2491
2492
2492
2492
2493
2495
2495
2495
2496
2496
2500
2500
2501
2504
2506
2508
2509
2510
2510
2511
2511
2513
2513
2514
2517
2517
2520
2521
2521
2522
2522
2522
2522
2523
2523
2525
2527
2528
2529
2529
2530
2531
2532
2533
2533
2534
2534
2534
2534
2535
2536
2536
2537
2538
2538
2538
2539
2540
2540
2540
2542
2543
2543
2544
2547
2548
2551
2551
2552
2553
2553
2553
2553
2554
2556
2557
2558
2558
2560
2561
2561
2562
2562
2562
2563
2563
2566
2566
2566
2567
2567
2568
2569
2571
2572
2573
2573
2573
2574
2574
2575
2576
2577
2578
2578
2580
2582
2582
2583
2583
2585
2585
2586
2588
2588
2588
2589
2589
2590
2590
2590
2595
2595
2596
2597
2598
2599
2600
2601
2602
2603
2603
2604
2604
2605
2605
2605
2606
2607
2608
2609
2612
2613
2614
2615
2616
2620
2621
2621
2622
2623
2623
2624
2625
2625
2626
2626
2627
2627
2628
2628
2628
2628
2630
2630
2632
2633
2634
2634
2635
2635
2635
2636
2639
2640
2641
2642
2643
2644
2645
2647
2647
2647
2648
2649
2649
2649
2650
2650
2652
2652
2652
2653
2654
2654
2655
2655
2656
2658
2662
2663
2665
2667
2667
2668
2669
2670
2673
2674
2678
2679
2679
2681
2682
2682
2683
2684
2685
2685
2685
2685
2687
2687
2688
2690
2691
2693
2693
2695
2696
2697
2699
2699
2700
2701
2701
2702
2703
2704
2706
2707
2707
2708
2710
2711
2713
2717
2717
2718
2719
2719
2720
2723
2723
2724
2725
2726
2727
2727
2732
2733
2733
2734
2735
2737
2738
2738
2740
2742
2743
2743
2744
2744
2745
2745
2745
2747
2747
2747
2748
2750
2758
2758
2759
2760
2762
2762
2762
2762
2762
2762
2763
2764
2764
2764
2765
2765
2765
2769
2771
2772
2772
2773
2773
2775
2776
2776
2780
2780
2780
2781
2782
2783
2783
2784
2784
2786
2786
2787
2788
2788
2788
2788
2790
2791
2793
2794
2795
2796
2797
2798
2798
2799
2800
2800
2800
2801
2801
2801
2808
2808
2809
2811
2812
2812
2812
2812
2813
2814
2814
2814
2815
2816
2816
2817
2819
2821
2823
2823
2824
2824
2824
2825
2827
2827
2829
2830
2831
2831
2832
2833
2838
2842
2843
2844
2845
2845
2845
2846
2846
2848
2850
2851
2852
2853
2855
2855
2857
2860
2860
2860
2863
2864
2864
2866
2866
2867
2870
2870
2871
2872
2872
2874
2874
2876
2876
2879
2880
2881
2883
2884
2885
2885
2887
2887
2887
2888
2889
2889
2890
2891
2891
2892
2893
2894
2894
2895
2897
2899
2900
2901
2901
2903
2905
2905
2907
2907
2908
2909
2909
2910
2910
2916
2919
2920
2922
2922
2922
2927
2927
2928
2929
2931
2932
2935
2936
2937
2937
2939
2939
2940
2940
2941
2941
2942
2942
2943
2944
2945
2945
2947
2947
2948
2948
2950
2951
2952
2953
2953
2955
2955
2955
2956
2956
2957
2958
2958
2959
2960
2960
2963
2965
2965
2965
2966
2967
2967
2968
2969
2969
2970
2970
2970
2978
2979
2980
2980
2980
2981
2982
2982
2985
2986
2988
2991
2991
2992
2992
2995
2996
2997
3000
3000
3000
3000
3003
3003
3003
3003
3003
3004
3008
3008
3008
3009
3009
3010
3011
3011
3016
3016
3017
3017
3019
3020
3022
3022
3023
3025
3026
3029
3029
3031
3033
3037
3037
3038
3038
3038
3038
3040
3040
3041
3042
3042
3043
3045
3045
3046
3049
3050
3050
3052
3052
3052
3053
3054
3055
3057
3060
3061
3063
3064
3066
3067
3067
3067
3069
3070
3070
3071
3071
3072
3072
3073
3075
3075
3076
3076
3077
3080
3081
3086
3087
3087
3087
3090
3091
3097
3098
3100
3100
3100
3103
3107
3107
3108
3108
3108
3109
3110
3111
3112
3112
3114
3114
3114
3116
3117
3118
3118
3120
3121
3122
3124
3124
3124
3125
3127
3127
3130
3130
3132
3133
3134
3134
3135
3135
3137
3137
3137
3138
3140
3141
3142
3142
3142
3142
3142
3143
3145
3145
3147
3149
3150
3151
3151
3151
3152
3153
3153
3153
3154
3155
3155
3156
3159
3160
3160
3161
3162
3163
3164
3169
3169
3170
3170
3176
3178
3178
3180
3181
3183
3183
3185
3186
3188
3188
3188
3189
3189
3189
3190
3191
3192
3192
3193
3193
3194
3195
3195
3196
3197
3197
3199
3203
3203
3203
3207
3207
3208
3210
3212
3212
3212
3216
3218
3221
3222
3223
3224
3225
3226
3228
3228
3229
3236
3237
3237
3237
3238
3238
3240
3240
3240
3241
3241
3243
3244
3245
3245
3245
3246
3246
3247
3248
3250
3251
3251
3252
3253
3254
3255
3257
3257
3258
3258
3261
3262
3262
3262
3262
3264
3264
3265
3265
3265
3267
3267
3268
3270
3275
3277
3278
3279
3280
3282
3283
3285
3287
3288
3288
3289
3290
3290
3292
3293
3294
3294
3296
3296
3299
3300
3301
3301
3304
3304
3304
3306
3307
3308
3309
3309
3310
3312
3312
3312
3313
3314
3314
3316
3316
3317
3317
3317
3318
3319
3320
3323
3324
3324
3325
3325
3326
3328
3328
3328
3329
3330
3331
3331
3332
3333
3333
3334
3334
3335
3335
3336
3337
3339
3339
3341
3341
3342
3343
3344
3345
3346
3346
3347
3347
3348
3349
3351
3351
3352
3352
3353
3353
3354
3354
3357
3358
3358
3359
3360
3360
3361
3363
3364
3365
3365
3365
3365
3367
3369
3370
3371
3372
3373
3374
3376
3377
3378
3378
3379
3380
3383
3384
3385
3385
3386
3386
3386
3386
3387
3388
3388
3388
3389
3392
3392
3392
3394
3394
3396
3396
3397
3399
3399
3400
3400
3401
3401
3402
3402
3403
3405
3405
3405
3406
3406
3407
3409
3410
3413
3414
3415
3416
3416
3417
3418
3418
3418
3419
3420
3420
3422
3423
3424
3426
3427
3429
3429
3430
3430
3432
3432
3438
3439
3439
3440
3441
3442
3444
3445
3447
3449
3450
3451
3452
3453
3453
3454
3457
3459
3460
3464
3464
3465
3465
3465
3466
3468
3470
3470
3471
3473
3474
3475
3476
3477
3477
3478
3479
3480
3480
3480
3481
3481
3482
3483
3484
3486
3486
3486
3487
3488
3490
3492
3492
3495
3496
3497
3497
3498
3498
3499
3500
3500
3500
3502
3502
3503
3503
3503
3504
3506
3509
3512
3515
3518
3520
3520
3520
3522
3522
3522
3523
3524
3526
3527
3529
3530
3531
3531
3536
3537
3538
3539
3539
3539
3542
3543
3545
3546
3546
3546
3546
3546
3547
3550
3551
3554
3554
3555
3557
3559
3561
3563
3565
3566
3566
3568
3569
3569
3570
3572
3572
3572
3573
3574
3575
3576
3577
3579
3580
3581
3581
3581
3583
3586
3586
3586
3586
3588
3588
3589
3590
3593
3595
3597
3597
3603
3603
3604
3604
3606
3606
3609
3609
3612
3613
3620
3623
3623
3625
3627
3628
3628
3629
3632
3632
3635
3636
3636
3637
3637
3639
3639
3640
3642
3644
3644
3645
3646
3647
3648
3649
3650
3650
3651
3651
3652
3652
3653
3653
3653
3654
3655
3655
3657
3657
3657
3658
3660
3661
3662
3662
3664
3666
3666
3668
3668
3670
3672
3673
3673
3674
3675
3675
3677
3677
3678
3678
3679
3679
3680
3680
3683
3685
3686
3687
3689
3689
3691
3692
3693
3693
3694
3695
3697
3698
3698
3700
3701
3702
3702
3704
3705
3706
3707
3708
3712
3712
3713
3713
3715
3715
3715
3715
3715
3720
3722
3723
3725
3727
3729
3729
3730
3730
3730
3731
3733
3737
3737
3738
3738
3744
3744
3744
3745
3746
3747
3747
3748
3749
3751
3753
3754
3755
3755
3757
3758
3761
3762
3762
3764
3764
3765
3766
3767
3769
3770
3771
3775
3775
3775
3776
3779
3781
3781
3783
3783
3784
3785
3785
3787
3787
3788
3789
3790
3791
3791
3794
3794
3794
3795
3799
3800
3802
3803
3806
3807
3807
3807
3809
3809
3809
3811
3811
3812
3813
3815
3815
3817
3818
3823
3824
3826
3827
3827
3828
3829
3830
3830
3831
3832
3832
3835
3835
3836
3836
3837
3837
3838
3838
3838
3840
3841
3842
3842
3847
3847
3847
3847
3848
3848
3848
3853
3854
3854
3856
3858
3861
3861
3862
3864
3865
3866
3866
3866
3868
3869
3870
3871
3873
3873
3875
3876
3876
3876
3876
3878
3879
3879
3880
3881
3882
3882
3884
3884
3884
3884
3885
3885
3886
3888
3888
3889
3890
3891
3892
3892
3894
3894
3894
3895
3896
3899
3900
3901
3901
3902
3907
3908
3908
3908
3910
3912
3912
3913
3918
3919
3919
3922
3927
3928
3928
3929
3930
3934
3935
3936
3936
3937
3938
3938
3939
3940
3941
3942
3944
3945
3946
3947
3948
3948
3948
3950
3950
3952
3952
3953
3955
3956
3957
3959
3961
3962
3963
3965
3966
3967
3967
3967
3968
3968
3969
3974
3976
3977
3977
3979
3980
3983
3984
3985
3986
3987
3987
3987
3990
3991
3992
3992
3993
3994
3996
3997
3997
3998
3998
3998
3999
3999
3999
3999
4000
4002
4003
4009
4009
4009
4009
4010
4010
4011
4011
4012
4012
4014
4016
4016
4017
4020
4020
4022
4023
4024
4024
4026
4026
4027
4027
4029
4030
4033
4033
4034
4035
4036
4039
4039
4040
4041
4041
4042
4042
4044
4044
4045
4046
4046
4046
4048
4048
4050
4052
4054
4054
4055
4057
4058
4061
4061
4062
4064
4065
4066
4070
4071
4073
4074
4074
4079
4080
4080
4081
4081
4081
4081
4083
4084
4085
4085
4085
4086
4086
4087
4087
4088
4089
4090
4091
4091
4092
4092
4092
4093
4094
4094
4099
4100
4101
4101
4104
4105
4105
4107
4109
4111
4111
4112
4113
4113
4114
4117
4117
4118
4118
4118
4120
4121
4121
4123
4124
4125
4125
4127
4128
4128
4129
4129
4129
4130
4130
4131
4133
4133
4134
4135
4136
4137
4137
4138
4139
4140
4140
4140
4140
4141
4143
4145
4146
4146
4146
4147
4148
4148
4152
4154
4154
4155
4157
4159
4159
4160
4167
4170
4171
4172
4176
4177
4177
4178
4179
4179
4179
4180
4182
4182
4183
4185
4185
4187
4188
4189
4189
4189
4190
4191
4191
4192
4194
4194
4194
4195
4196
4197
4197
4198
4199
4199
4200
4201
4201
4201
4202
4202
4203
4207
4208
4209
4214
4215
4215
4218
4218
4218
4219
4221
4221
4223
4224
4224
4225
4226
4226
4226
4229
4231
4231
4232
4233
4236
4236
4237
4238
4239
4239
4240
4241
4243
4245
4245
4245
4245
4248
4248
4248
4249
4250
4250
4250
4251
4256
4256
4257
4258
4259
4259
4259
4260
4261
4262
4263
4265
4265
4267
4267
4267
4267
4268
4269
4269
4270
4271
4272
4272
4272
4272
4273
4274
4275
4276
4276
4277
4277
4278
4278
4278
4279
4279
4281
4282
4283
4287
4288
4289
4289
4290
4292
4292
4295
4295
4296
4297
4298
4298
4299
4301
4302
4303
4304
4304
4305
4306
4307
4307
4307
4308
4308
4310
4310
4311
4312
4313
4314
4314
4315
4315
4315
4315
4316
4317
4318
4318
4319
4320
4320
4321
4321
4321
4322
4323
4324
4324
4324
4325
4325
4325
4325
4326
4328
4328
4331
4332
4333
4333
4335
4336
4336
4339
4342
4343
4343
4344
4344
4345
4345
4346
4346
4346
4347
4347
4349
4349
4349
4351
4351
4351
4352
4352
4353
4354
4354
4355
4356
4357
4358
4358
4358
4359
4360
4361
4361
4363
4363
4364
4364
4365
4367
4368
4369
4371
4372
4372
4373
4374
4375
4375
4375
4377
4377
4378
4379
4381
4382
4384
4385
4386
4387
4388
4388
4388
4390
4390
4390
4392
4392
4394
4394
4394
4395
4399
4401
4402
4402
4405
4406
4407
4407
4408
4409
4409
4410
4411
4412
4412
4413
4413
4414
4417
4417
4417
4418
4419
4420
4425
4426
4432
4432
4432
4433
4434
4435
4435
4436
4437
4438
4439
4439
4440
4440
4441
4442
4443
4444
4444
4446
4446
4446
4447
4449
4451
4452
4452
4454
4454
4456
4456
4457
4457
4458
4458
4458
4458
4461
4462
4464
4464
4464
4467
4467
4469
4471
4471
4471
4473
4474
4474
4474
4474
4477
4481
4483
4484
4484
4486
4486
4487
4488
4489
4489
4491
4492
4493
4494
4494
4495
4496
4497
4498
4504
4505
4507
4508
4508
4508
4509
4510
4510
4511
4513
4513
4514
4514
4515
4515
4515
4516
4516
4518
4518
4519
4521
4522
4523
4526
4526
4526
4526
4527
4528
4532
4537
4537
4538
4539
4540
4543
4544
4546
4549
4549
4549
4550
4551
4551
4551
4552
4552
4553
4554
4556
4556
4560
4560
4560
4561
4561
4562
4562
4563
4567
4568
4568
4568
4569
4570
4572
4575
4575
4577
4579
4579
4579
4579
4581
4581
4582
4582
4582
4584
4584
4585
4587
4587
4587
4588
4588
4590
4591
4592
4594
4595
4596
4596
4596
4597
4597
4598
4599
4600
4601
4602
4602
4603
4604
4604
4605
4608
4609
4609
4610
4611
4614
4614
4615
4615
4616
4616
4617
4618
4618
4620
4621
4622
4626
4628
4628
4629
4629
4631
4632
4632
4633
4633
4633
4634
4635
4637
4638
4639
4640
4641
4646
4646
4647
4648
4649
4649
4650
4652
4653
4653
4654
4655
4658
4660
4662
4663
4665
4665
4666
4666
4666
4668
4668
4669
4670
4672
4677
4677
4683
4684
4685
4686
4687
4689
4690
4691
4691
4691
4691
4691
4692
4693
4695
4695
4695
4696
4697
4698
4698
4698
4698
4699
4700
4700
4701
4701
4703
4703
4707
4709
4709
4710
4711
4715
4715
4716
4717
4719
4719
4722
4723
4725
4728
4728
4728
4730
4730
4730
4730
4732
4736
4736
4739
4742
4742
4742
4743
4743
4744
4744
4745
4745
4745
4746
4747
4748
4748
4750
4752
4753
4754
4756
4757
4757
4758
4758
4761
4761
4761
4761
4763
4763
4764
4766
4766
4766
4767
4768
4769
4775
4777
4779
4779
4780
4783
4784
4784
4786
4786
4786
4789
4792
4793
4794
4794
4795
4799
4799
4800
4800
4801
4802
4803
4803
4804
4804
4805
4805
4805
4806
4809
4812
4815
4815
4815
4815
4816
4816
4816
4817
4818
4818
4820
4820
4822
4822
4823
4825
4825
4827
4828
4831
4833
4833
4833
4835
4838
4839
4839
4839
4840
4841
4841
4841
4842
4842
4847
4850
4850
4852
4852
4853
4853
4855
4856
4858
4861
4861
4863
4864
4865
4865
4866
4867
4869
4870
4871
4872
4872
4872
4872
4872
4872
4873
4874
4877
4878
4879
4880
4881
4882
4883
4884
4885
4886
4886
4887
4887
4888
4889
4890
4890
4891
4893
4893
4894
4894
4895
4895
4896
4896
4896
4897
4897
4899
4899
4899
4900
4901
4904
4905
4906
4907
4910
4911
4911
4912
4913
4914
4914
4914
4914
4918
4919
4920
4921
4921
4922
4923
4924
4925
4925
4926
4927
4927
4927
4928
4929
4930
4930
4932
4933
4934
4934
4936
4940
4940
4940
4942
4942
4945
4949
4949
4951
4953
4953
4954
4955
4956
4956
4956
4957
4961
4963
4964
4964
4965
4967
4967
4967
4967
4968
4968
4969
4970
4970
4971
4971
4972
4973
4973
4975
4975
4975
4976
4978
4978
4978
4979
4981
4982
4983
4985
4987
4987
4988
4989
4992
4994
4994
4994
4999
4999
4999
5000
5000
5001
5002
5003
5003
5003
5004
5005
5006
5006
5008
5008
5010
5012
5012
5013
5013
5014
5014
5017
5017
5017
5018
5018
5018
5019
5021
5021
5022
5022
5024
5024
5024
5024
5024
5025
5026
5027
5028
5029
5030
5030
5031
5031
5035
5036
5036
5037
5037
5038
5039
5040
5040
5041
5042
5043
5043
5043
5044
5044
5045
5045
5045
5046
5046
5046
5049
5049
5051
5053
5056
5056
5059
5062
5063
5063
5063
5064
5064
5064
5066
5066
5067
5067
5069
5070
5071
5071
5071
5072
5072
5072
5074
5075
5075
5075
5076
5077
5077
5077
5077
5079
5083
5085
5087
5088
5089
5091
5093
5094
5094
5095
5095
5096
5097
5097
5098
5098
5099
5100
5100
5101
5102
5103
5104
5105
5107
5108
5108
5108
5110
5111
5112
5114
5116
5116
5118
5118
5119
5119
5119
5119
5122
5123
5124
5125
5128
5128
5128
5128
5128
5129
5131
5135
5137
5138
5138
5139
5139
5140
5141
5142
5143
5144
5144
5144
5144
5146
5146
5147
5149
5150
5154
5156
5157
5157
5157
5158
5158
5158
5160
5162
5162
5163
5164
5164
5165
5171
5171
5173
5173
5174
5174
5176
5177
5177
5177
5177
5177
5178
5179
5180
5180
5182
5183
5183
5184
5184
5184
5187
5187
5188
5188
5190
5195
5195
5196
5197
5197
5198
5198
5200
5200
5201
5201
5201
5201
5202
5203
5203
5204
5204
5204
5207
5208
5209
5209
5209
5210
5211
5213
5214
5214
5215
5215
5216
5217
5218
5218
5219
5220
5220
5220
5221
5223
5224
5224
5224
5225
5225
5227
5228
5230
5231
5232
5232
5232
5238
5241
5242
5242
5242
5243
5246
5249
5250
5252
5252
5255
5255
5258
5261
5262
5262
5262
5262
5264
5265
5265
5265
5265
5266
5267
5268
5268
5268
5272
5276
5276
5278
5279
5279
5279
5279
5279
5281
5281
5284
5286
5287
5289
5290
5292
5293
5293
5293
5294
5295
5295
5295
5296
5301
5304
5306
5306
5308
5311
5312
5314
5315
5315
5315
5316
5318
5318
5321
5322
5322
5323
5324
5324
5325
5325
5326
5327
5328
5329
5329
5331
5336
5336
5340
5341
5342
5342
5343
5343
5344
5344
5345
5346
5346
5347
5348
5348
5348
5349
5349
5350
5350
5351
5352
5352
5353
5354
5354
5354
5355
5356
5357
5359
5360
5360
5362
5362
5362
5364
5365
5365
5365
5367
5369
5374
5375
5375
5375
5376
5376
5377
5377
5378
5378
5380
5381
5382
5383
5383
5384
5384
5385
5386
5387
5388
5388
5390
5391
5393
5393
5394
5394
5395
5395
5396
5396
5397
5398
5398
5399
5399
5400
5401
5401
5402
5402
5404
5404
5404
5405
5406
5406
5408
5411
5412
5413
5414
5414
5414
5416
5417
5418
5418
5420
5420
5420
5420
5421
5421
5424
5425
5425
5425
5426
5428
5429
5431
5433
5433
5433
5436
5437
5439
5439
5440
5444
5444
5444
5445
5446
5446
5447
5448
5449
5451
5451
5452
5453
5454
5454
5456
5456
5458
5459
5460
5460
5460
5460
5462
5465
5465
5466
5467
5467
5467
5467
5467
5468
5468
5469
5470
5470
5471
5472
5473
5474
5475
5475
5476
5477
5478
5479
5479
5480
5482
5483
5484
5485
5486
5489
5490
5492
5494
5494
5495
5495
5496
5497
5498
5498
5500
5500
5500
5501
5502
5506
5506
5506
5506
5509
5513
5514
5514
5515
5515
5515
5516
5516
5516
5520
5521
5521
5522
5523
5523
5524
5524
5526
5530
5530
5532
5535
5535
5537
5538
5540
5540
5540
5541
5542
5542
5544
5544
5545
5546
5546
5549
5549
5556
5556
5556
5557
5557
5557
5558
5558
5559
5560
5561
5561
5563
5563
5564
5564
5565
5566
5566
5566
5568
5568
5573
5573
5576
5576
5580
5582
5583
5584
5584
5585
5585
5585
5585
5586
5591
5594
5594
5595
5595
5597
5597
5598
5599
5599
5599
5600
5600
5600
5606
5608
5612
5612
5613
5613
5614
5615
5617
5617
5622
5624
5624
5626
5627
5628
5630
5630
5630
5632
5632
5633
5633
5634
5635
5636
5636
5636
5637
5637
5638
5638
5639
5639
5640
5640
5640
5642
5643
5646
5648
5650
5651
5652
5653
5657
5658
5661
5661
5663
5665
5665
5666
5669
5669
5672
5673
5674
5675
5675
5677
5678
5679
5679
5679
5679
5680
5682
5682
5684
5684
5686
5686
5686
5689
5689
5690
5692
5692
5693
5693
5695
5696
5696
5697
5697
5698
5698
5699
5701
5701
5701
5703
5703
5705
5705
5706
5706
5706
5707
5707
5708
5709
5709
5709
5710
5711
5713
5713
5714
5715
5715
5717
5718
5718
5720
5722
5723
5724
5724
5724
5726
5727
5728
5730
5731
5735
5736
5736
5737
5737
5739
5740
5741
5744
5745
5745
5746
5748
5749
5751
5751
5751
5752
5753
5754
5754
5755
5757
5758
5759
5760
5760
5761
5763
5767
5767
5770
5771
5771
5771
5773
5774
5776
5777
5778
5779
5779
5779
5779
5781
5782
5783
5783
5783
5784
5784
5785
5785
5786
5788
5788
5788
5789
5791
5791
5791
5792
5792
5793
5795
5796
5797
5799
5800
5800
5803
5805
5807
5809
5809
5810
5810
5811
5819
5821
5822
5823
5823
5824
5825
5825
5825
5826
5827
5828
5828
5834
5834
5834
5835
5836
5837
5838
5838
5838
5840
5840
5840
5840
5842
5843
5843
5844
5845
5846
5846
5846
5846
5848
5848
5849
5849
5851
5851
5853
5854
5854
5855
5858
5858
5858
5858
5861
5861
5861
5864
5864
5866
5866
5866
5867
5869
5870
5870
5870
5871
5873
5874
5875
5875
5877
5878
5879
5883
5884
5887
5888
5888
5889
5889
5889
5890
5890
5893
5895
5895
5896
5897
5899
5899
5901
5901
5901
5902
5903
5904
5906
5907
5911
5913
5916
5918
5918
5920
5921
5921
5922
5924
5925
5925
5926
5928
5931
5932
5933
5933
5939
5939
5940
5942
5942
5942
5944
5945
5946
5948
5949
5949
5952
5953
5954
5954
5955
5956
5957
5958
5959
5961
5962
5963
5963
5964
5965
5967
5968
5968
5969
5969
5970
5971
5972
5972
5973
5973
5976
5981
5982
5982
5983
5985
5985
5986
5987
5987
5987
5988
5990
5991
5991
5993
5993
5995
5996
5997
5997
5997
5998
5999
6000
6001
6001
6001
6002
6002
6002
6004
6007
6007
6008
6009
6009
6009
6010
6010
6011
6011
6011
6011
6011
6012
6012
6013
6013
6015
6015
6015
6015
6018
6019
6019
6019
6019
6020
6021
6024
6025
6026
6026
6027
6027
6027
6031
6031
6032
6035
6036
6038
6039
6040
6040
6041
6042
6042
6043
6044
6046
6049
6050
6050
6050
6051
6052
6052
6053
6054
6057
6057
6058
6058
6062
6062
6063
6063
6066
6067
6067
6067
6068
6070
6070
6071
6071
6072
6074
6074
6075
6076
6077
6077
6078
6081
6081
6082
6082
6084
6085
6087
6090
6094
6096
6096
6097
6098
6099
6099
6099
6100
6101
6103
6104
6105
6108
6108
6109
6109
6110
6111
6113
6113
6115
6116
6116
6117
6117
6119
6119
6120
6120
6121
6122
6123
6123
6125
6125
6125
6125
6126
6126
6127
6127
6129
6130
6131
6133
6135
6137
6137
6138
6139
6140
6140
6141
6144
6144
6144
6145
6145
6146
6147
6149
6151
6152
6155
6157
6159
6160
6160
6161
6163
6163
6164
6164
6164
6165
6165
6166
6166
6167
6168
6168
6170
6173
6173
6175
6175
6175
6177
6178
6179
6182
6184
6185
6185
6185
6185
6186
6187
6188
6189
6190
6190
6193
6193
6195
6196
6197
6197
6197
6197
6197
6197
6198
6200
6201
6202
6202
6203
6203
6203
6205
6205
6205
6206
6208
6208
6210
6210
6211
6211
6211
6211
6211
6212
6212
6215
6215
6216
6216
6217
6217
6220
6220
6220
6221
6221
6221
6222
6222
6223
6224
6224
6224
6225
6226
6228
6231
6232
6232
6235
6236
6237
6237
6238
6238
6238
6239
6240
6241
6242
6243
6243
6245
6246
6248
6250
6251
6251
6251
6255
6255
6256
6258
6259
6259
6260
6260
6260
6262
6264
6265
6266
6267
6268
6268
6271
6271
6272
6272
6273
6274
6274
6275
6276
6276
6277
6277
6278
6279
6279
6280
6281
6281
6281
6282
6284
6285
6286
6286
6288
6290
6290
6291
6292
6294
6296
6296
6296
6297
6300
6301
6301
6301
6302
6303
6305
6307
6309
6311
6311
6311
6312
6313
6313
6314
6315
6315
6315
6315
6317
6318
6319
6322
6323
6323
6324
6325
6325
6326
6329
6330
6330
6332
6334
6335
6339
6340
6340
6341
6341
6341
6342
6342
6343
6344
6344
6344
6345
6346
6346
6346
6347
6347
6350
6350
6350
6351
6354
6356
6356
6358
6360
6362
6363
6364
6365
6366
6366
6366
6367
6367
6368
6368
6371
6377
6379
6379
6379
6381
6383
6387
6388
6388
6390
6391
6392
6393
6395
6396
6398
6398
6399
6400
6401
6402
6402
6404
6404
6405
6406
6406
6407
6408
6410
6411
6411
6412
6414
6418
6418
6418
6419
6419
6419
6421
6421
6423
6424
6424
6424
6424
6425
6425
6425
6426
6426
6426
6428
6428
6431
6433
6433
6434
6435
6435
6436
6438
6440
6443
6444
6444
6446
6446
6449
6450
6450
6451
6451
6452
6453
6453
6453
6453
6455
6457
6460
6461
6465
6465
6468
6468
6469
6469
6469
6469
6470
6472
6473
6476
6476
6476
6478
6478
6479
6483
6483
6485
6485
6486
6486
6490
6492
6492
6493
6493
6494
6496
6497
6497
6498
6499
6502
6504
6504
6504
6507
6507
6508
6512
6512
6513
6515
6515
6516
6517
6521
6521
6523
6523
6523
6524
6525
6526
6526
6526
6527
6527
6529
6529
6530
6531
6531
6531
6531
6532
6535
6536
6537
6538
6538
6538
6539
6540
6541
6542
6544
6545
6546
6546
6547
6547
6549
6550
6550
6552
6552
6554
6554
6554
6554
6555
6556
6557
6557
6558
6558
6558
6559
6562
6562
6562
6563
6564
6565
6566
6566
6566
6567
6568
6572
6572
6572
6573
6574
6576
6576
6577
6578
6579
6580
6581
6582
6583
6583
6584
6585
6586
6587
6588
6589
6591
6593
6594
6595
6595
6595
6595
6595
6596
6597
6597
6599
6603
6603
6604
6604
6604
6606
6608
6609
6609
6612
6612
6615
6616
6617
6617
6617
6619
6619
6620
6622
6622
6623
6628
6629
6629
6629
6629
6631
6632
6633
6633
6635
6636
6637
6637
6637
6638
6639
6640
6641
6642
6642
6643
6644
6646
6647
6649
6649
6651
6652
6653
6653
6655
6657
6657
6658
6659
6659
6660
6660
6662
6663
6668
6669
6671
6671
6671
6674
6674
6675
6676
6676
6676
6679
6683
6684
6685
6689
6690
6692
6692
6695
6697
6697
6697
6698
6698
6700
6701
6703
6703
6704
6704
6707
6708
6709
6710
6711
6712
6713
6714
6714
6715
6716
6716
6716
6716
6717
6718
6719
6720
6721
6723
6724
6724
6725
6725
6725
6728
6728
6729
6732
6735
6736
6737
6739
6740
6740
6740
6740
6743
6743
6744
6749
6749
6751
6754
6755
6756
6757
6758
6761
6761
6762
6763
6763
6764
6764
6765
6765
6765
6765
6772
6772
6772
6773
6774
6775
6778
6780
6780
6782
6783
6783
6784
6784
6784
6786
6786
6787
6788
6788
6788
6788
6789
6790
6791
6793
6793
6793
6795
6795
6796
6796
6796
6797
6797
6798
6799
6799
6799
6799
6801
6801
6801
6802
6803
6804
6804
6805
6805
6805
6807
6812
6812
6812
6813
6814
6814
6815
6815
6816
6823
6824
6824
6824
6825
6825
6825
6826
6826
6826
6827
6827
6831
6833
6833
6835
6837
6838
6841
6841
6841
6842
6842
6843
6843
6845
6848
6850
6850
6851
6851
6852
6853
6854
6854
6855
6855
6856
6856
6856
6857
6857
6858
6861
6862
6865
6867
6868
6868
6868
6869
6869
6869
6869
6871
6873
6875
6876
6876
6878
6879
6880
6881
6881
6884
6884
6884
6884
6885
6886
6888
6889
6891
6891
6892
6893
6894
6894
6897
6900
6902
6902
6905
6905
6905
6905
6906
6908
6908
6911
6911
6913
6914
6917
6921
6923
6923
6924
6925
6926
6926
6926
6927
6927
6929
6930
6933
6933
6935
6936
6937
6937
6938
6938
6943
6943
6943
6944
6944
6945
6946
6947
6949
6950
6950
6950
6950
6952
6953
6953
6953
6954
6956
6956
6956
6958
6960
6962
6963
6965
6966
6967
6968
6968
6969
6971
6971
6973
6973
6974
6976
6976
6978
6978
6982
6983
6984
6985
6985
6988
6989
6990
6991
6992
6992
6992
6996
6997
6997
6999
6999
6999
6999
6999
7000
7000
7000
7000
7001
7002
7004
7005
7005
7008
7008
7009
7009
7009
7011
7011
7011
7015
7015
7016
7016
7021
7021
7022
7022
7023
7023
7024
7025
7025
7026
7027
7027
7029
7029
7031
7032
7032
7035
7036
7036
7037
7037
7038
7038
7038
7040
7041
7041
7042
7042
7046
7046
7048
7048
7049
7050
7051
7051
7052
7052
7053
7055
7055
7056
7057
7059
7060
7062
7063
7064
7067
7068
7069
7069
7070
7071
7075
7075
7077
7077
7079
7079
7080
7080
7081
7082
7082
7083
7084
7084
7085
7085
7086
7087
7088
7089
7091
7091
7094
7095
7095
7098
7098
7099
7099
7101
7101
7102
7104
7104
7105
7106
7107
7108
7109
7109
7109
7110
7111
7112
7113
7113
7115
7115
7116
7117
7118
7118
7120
7120
7121
7122
7122
7122
7123
7124
7124
7124
7124
7125
7126
7126
7126
7126
7129
7129
7131
7131
7131
7131
7132
7133
7135
7135
7135
7136
7136
7136
7136
7138
7138
7139
7139
7139
7139
7140
7142
7143
7146
7149
7149
7149
7150
7150
7152
7153
7153
7153
7154
7154
7155
7155
7156
7157
7157
7158
7160
7161
7162
7162
7163
7163
7165
7168
7169
7170
7170
7170
7170
7171
7173
7174
7174
7174
7175
7176
7177
7177
7177
7178
7181
7181
7181
7182
7182
7182
7184
7184
7184
7185
7185
7185
7185
7187
7193
7194
7195
7196
7198
7200
7200
7201
7202
7203
7208
7209
7209
7210
7219
7221
7221
7222
7224
7224
7224
7227
7227
7228
7228
7230
7231
7233
7234
7234
7235
7235
7236
7237
7238
7238
7239
7240
7241
7242
7242
7242
7243
7244
7244
7245
7246
7246
7246
7248
7249
7250
7250
7251
7252
7253
7253
7256
7256
7257
7258
7260
7260
7262
7264
7266
7266
7266
7267
7268
7269
7272
7274
7275
7276
7276
7278
7278
7278
7280
7280
7280
7281
7281
7282
7283
7283
7283
7285
7286
7287
7287
7288
7288
7290
7290
7290
7292
7292
7292
7293
7296
7298
7300
7301
7304
7305
7306
7306
7309
7310
7310
7310
7311
7312
7315
7316
7318
7318
7319
7321
7321
7321
7321
7322
7323
7324
7324
7326
7327
7328
7328
7329
7329
7329
7330
7333
7334
7334
7336
7337
7340
7341
7342
7343
7344
7346
7347
7347
7348
7348
7349
7349
7349
7349
7351
7351
7358
7359
7360
7360
7361
7363
7363
7364
7364
7364
7365
7366
7367
7367
7367
7368
7368
7369
7370
7373
7377
7377
7378
7378
7378
7378
7380
7380
7383
7383
7384
7386
7387
7388
7388
7389
7389
7389
7389
7390
7391
7395
7398
7399
7400
7401
7402
7404
7405
7406
7406
7406
7406
7408
7409
7409
7410
7410
7412
7412
7413
7413
7414
7414
7416
7416
7417
7419
7423
7426
7428
7428
7428
7428
7429
7429
7430
7431
7432
7432
7434
7434
7435
7437
7439
7439
7441
7442
7442
7444
7445
7447
7448
7449
7449
7449
7450
7450
7451
7451
7454
7454
7455
7456
7458
7458
7459
7460
7460
7462
7463
7464
7466
7466
7467
7468
7468
7470
7471
7473
7473
7474
7475
7475
7475
7477
7479
7481
7482
7483
7484
7485
7487
7488
7488
7489
7489
7491
7494
7495
7495
7497
7498
7499
7504
7505
7505
7505
7508
7509
7510
7511
7511
7512
7513
7514
7515
7515
7519
7519
7519
7519
7521
7521
7521
7521
7522
7522
7524
7524
7524
7527
7527
7527
7528
7528
7531
7534
7535
7536
7537
7537
7537
7537
7537
7539
7539
7540
7540
7542
7542
7543
7544
7545
7545
7547
7548
7548
7548
7550
7551
7552
7553
7553
7553
7554
7554
7554
7557
7558
7560
7561
7561
7563
7564
7567
7567
7568
7568
7569
7569
7569
7570
7571
7573
7576
7576
7577
7578
7579
7579
7580
7580
7581
7581
7581
7581
7582
7584
7586
7586
7587
7589
7592
7593
7594
7595
7596
7597
7597
7601
7604
7608
7608
7609
7609
7609
7610
7611
7611
7612
7614
7618
7618
7618
7619
7620
7620
7624
7624
7626
7626
7628
7628
7628
7628
7629
7629
7629
7630
7631
7631
7631
7633
7635
7635
7637
7637
7638
7640
7640
7643
7643
7644
7645
7646
7646
7646
7648
7649
7649
7650
7650
7650
7651
7652
7652
7652
7653
7655
7657
7658
7659
7659
7659
7660
7661
7661
7662
7662
7664
7667
7669
7669
7669
7670
7670
7671
7671
7673
7678
7679
7679
7682
7684
7685
7686
7687
7687
7688
7692
7692
7693
7694
7694
7697
7698
7698
7699
7699
7701
7702
7704
7705
7705
7706
7706
7707
7708
7708
7711
7713
7715
7716
7717
7717
7718
7719
7720
7720
7725
7725
7727
7730
7730
7730
7731
7733
7734
7734
7737
7739
7739
7741
7748
7748
7748
7751
7751
7752
7755
7756
7757
7760
7761
7761
7761
7761
7764
7765
7769
7769
7769
7770
7770
7772
7772
7774
7776
7776
7776
7777
7779
7782
7782
7782
7782
7782
7782
7784
7784
7787
7789
7789
7790
7791
7792
7792
7793
7793
7794
7794
7795
7795
7797
7797
7798
7799
7800
7800
7801
7801
7801
7801
7803
7803
7806
7807
7808
7808
7809
7809
7810
7810
7811
7814
7814
7814
7815
7816
7817
7820
7820
7823
7823
7824
7824
7826
7826
7829
7830
7830
7831
7832
7833
7836
7836
7837
7839
7841
7845
7847
7847
7847
7847
7850
7850
7851
7851
7852
7856
7858
7858
7860
7860
7860
7860
7866
7867
7867
7867
7867
7868
7869
7869
7871
7871
7872
7872
7876
7876
7876
7876
7876
7878
7879
7880
7881
7882
7883
7883
7884
7884
7884
7885
7886
7887
7889
7892
7894
7894
7894
7895
7896
7897
7900
7901
7901
7901
7902
7903
7903
7904
7905
7906
7906
7906
7907
7908
7908
7909
7912
7914
7915
7915
7916
7917
7917
7918
7918
7918
7919
7920
7923
7925
7926
7926
7928
7929
7929
7930
7930
7931
7931
7933
7933
7934
7934
7936
7938
7939
7940
7940
7940
7944
7944
7945
7949
7949
7950
7950
7951
7952
7952
7953
7953
7954
7955
7955
7956
7957
7957
7961
7961
7962
7963
7964
7965
7965
7965
7966
7966
7967
7969
7969
7971
7971
7972
7973
7975
7975
7976
7976
7977
7979
7981
7982
7983
7984
7987
7987
7987
7988
7989
7989
7991
7991
7992
7993
7993
7994
7994
7996
7996
7998
7999
7999
8001
8001
8002
8002
8002
8003
8007
8007
8007
8007
8008
8008
8008
8010
8010
8011
8011
8013
8014
8014
8014
8015
8017
8018
8020
8020
8022
8026
8027
8028
8031
8031
8031
8032
8033
8033
8035
8035
8043
8043
8044
8044
8045
8045
8046
8047
8047
8047
8048
8049
8051
8051
8051
8052
8053
8053
8055
8056
8057
8059
8060
8061
8063
8065
8067
8068
8069
8070
8071
8071
8074
8074
8076
8077
8079
8080
8082
8083
8083
8085
8087
8088
8089
8089
8092
8095
8095
8096
8096
8096
8098
8098
8099
8103
8104
8105
8105
8110
8110
8110
8111
8112
8113
8114
8117
8118
8119
8119
8121
8122
8123
8125
8127
8128
8130
8132
8133
8134
8134
8135
8136
8139
8139
8140
8143
8143
8143
8146
8147
8148
8148
8148
8149
8150
8150
8151
8152
8155
8156
8157
8157
8158
8159
8159
8162
8163
8163
8164
8164
8165
8166
8168
8169
8169
8171
8173
8173
8173
8173
8175
8175
8175
8175
8177
8177
8177
8178
8178
8180
8181
8181
8185
8185
8186
8186
8187
8187
8190
8190
8190
8192
8193
8193
8194
8195
8196
8196
8198
8199
8199
8200
8204
8204
8206
8207
8209
8209
8210
8211
8214
8214
8216
8216
8216
8218
8220
8221
8221
8224
8225
8226
8226
8227
8229
8229
8229
8230
8231
8233
8233
8233
8235
8237
8238
8239
8240
8241
8241
8242
8242
8242
8243
8244
8244
8245
8246
8246
8247
8247
8247
8248
8249
8250
8250
8252
8253
8254
8254
8254
8255
8255
8256
8259
8259
8259
8260
8261
8262
8263
8263
8264
8264
8265
8265
8266
8266
8267
8267
8268
8268
8269
8270
8271
8271
8271
8272
8272
8272
8273
8275
8276
8276
8276
8278
8279
8280
8281
8281
8281
8282
8286
8286
8287
8289
8289
8289
8290
8292
8293
8293
8294
8295
8297
8297
8298
8298
8300
8301
8301
8301
8304
8304
8305
8305
8306
8307
8310
8310
8311
8312
8312
8313
8313
8314
8315
8316
8317
8317
8318
8320
8320
8322
8323
8324
8324
8324
8324
8326
8326
8327
8327
8327
8328
8329
8329
8330
8330
8333
8334
8334
8334
8335
8336
8336
8336
8338
8338
8338
8339
8341
8344
8344
8345
8347
8347
8347
8347
8347
8348
8349
8351
8351
8353
8354
8355
8356
8358
8360
8361
8361
8362
8362
8362
8364
8364
8364
8365
8366
8366
8367
8368
8368
8369
8370
8370
8370
8371
8371
8374
8374
8377
8378
8379
8379
8381
8382
8384
8385
8386
8386
8387
8388
8388
8389
8389
8393
8395
8397
8397
8397
8398
8398
8398
8399
8402
8403
8404
8407
8410
8410
8411
8411
8413
8416
8418
8419
8419
8420
8420
8420
8421
8423
8424
8424
8426
8426
8427
8428
8430
8431
8432
8432
8433
8433
8435
8436
8437
8438
8439
8440
8440
8440
8441
8441
8442
8443
8444
8446
8447
8447
8447
8448
8448
8448
8449
8450
8451
8452
8454
8454
8454
8455
8457
8457
8457
8458
8458
8458
8458
8459
8460
8461
8461
8461
8461
8464
8464
8466
8467
8473
8474
8474
8475
8480
8481
8482
8483
8483
8483
8483
8483
8484
8486
8486
8491
8492
8492
8493
8494
8495
8495
8496
8496
8497
8500
8500
8501
8501
8502
8502
8506
8507
8507
8508
8510
8510
8511
8511
8511
8511
8514
8515
8519
8519
8520
8521
8521
8522
8524
8524
8527
8529
8531
8531
8533
8534
8536
8536
8537
8537
8537
8538
8539
8539
8540
8542
8543
8544
8545
8546
8548
8548
8549
8549
8551
8551
8554
8554
8554
8554
8556
8557
8558
8558
8559
8560
8560
8561
8562
8565
8566
8567
8567
8568
8568
8569
8569
8571
8571
8571
8572
8573
8575
8576
8576
8577
8578
8579
8579
8580
8580
8581
8581
8581
8581
8584
8585
8589
8591
8592
8593
8593
8593
8594
8594
8597
8598
8600
8600
8600
8600
8600
8604
8604
8605
8605
8605
8606
8608
8609
8609
8610
8610
8610
8611
8612
8614
8615
8616
8616
8616
8617
8619
8621
8621
8622
8624
8624
8627
8629
8630
8630
8631
8631
8632
8635
8637
8638
8642
8642
8642
8647
8647
8649
8650
8652
8652
8654
8654
8655
8655
8657
8659
8660
8661
8662
8664
8664
8666
8666
8666
8668
8668
8668
8669
8669
8670
8671
8673
8674
8674
8674
8676
8676
8677
8677
8678
8679
8680
8680
8680
8681
8682
8682
8682
8684
8686
8686
8687
8688
8688
8689
8691
8692
8695
8696
8696
8700
8700
8701
8702
8702
8703
8703
8704
8704
8705
8705
8706
8706
8707
8708
8709
8710
8713
8714
8715
8717
8717
8718
8719
8719
8720
8720
8720
8721
8721
8721
8723
8725
8726
8729
8730
8730
8732
8732
8733
8733
8735
8737
8738
8741
8741
8741
8742
8742
8744
8746
8747
8748
8748
8749
8749
8749
8750
8750
8750
8752
8752
8753
8755
8755
8758
8758
8761
8762
8763
8763
8763
8764
8765
8765
8766
8772
8772
8772
8773
8773
8774
8774
8775
8776
8777
8777
8777
8779
8780
8784
8784
8785
8786
8787
8789
8791
8791
8791
8792
8792
8793
8794
8794
8796
8797
8799
8799
8800
8802
8805
8805
8805
8806
8808
8810
8812
8814
8815
8815
8819
8820
8820
8822
8822
8823
8824
8826
8826
8826
8826
8830
8833
8833
8834
8836
8836
8838
8838
8840
8840
8842
8842
8844
8845
8846
8846
8848
8849
8850
8850
8850
8850
8852
8853
8855
8856
8856
8857
8857
8857
8860
8861
8862
8863
8863
8864
8865
8866
8866
8868
8870
8870
8871
8871
8872
8873
8874
8875
8875
8880
8881
8882
8882
8882
8883
8884
8885
8885
8886
8886
8886
8887
8887
8889
8891
8892
8893
8894
8895
8895
8895
8896
8897
8898
8899
8901
8901
8902
8902
8903
8904
8907
8907
8909
8911
8912
8912
8913
8915
8915
8915
8916
8917
8917
8919
8919
8921
8924
8925
8927
8930
8933
8934
8935
8937
8938
8939
8939
8939
8940
8940
8940
8941
8942
8943
8948
8948
8949
8950
8950
8952
8952
8953
8959
8959
8960
8961
8962
8964
8964
8964
8965
8966
8966
8967
8967
8968
8969
8969
8970
8972
8976
8976
8977
8978
8979
8980
8983
8983
8983
8985
8986
8986
8987
8987
8988
8988
8989
8989
8990
8990
8990
8991
8991
8992
8993
8993
8994
8995
8997
8997
8997
8999
9002
9004
9007
9008
9008
9009
9010
9011
9012
9014
9016
9020
9020
9021
9022
9022
9023
9023
9024
9025
9026
9027
9028
9031
9031
9037
9038
9040
9041
9041
9043
9044
9044
9044
9045
9050
9051
9052
9052
9052
9054
9055
9055
9056
9057
9057
9059
9060
9060
9061
9061
9063
9066
9067
9069
9069
9070
9070
9071
9071
9072
9077
9078
9079
9080
9081
9083
9088
9089
9089
9089
9089
9090
9091
9092
9094
9094
9094
9094
9095
9096
9097
9098
9099
9101
9103
9103
9103
9105
9108
9108
9109
9109
9109
9110
9110
9112
9112
9113
9113
9114
9116
9117
9118
9119
9124
9124
9125
9127
9128
9128
9129
9129
9129
9129
9130
9132
9134
9136
9139
9141
9141
9143
9145
9149
9150
9152
9154
9154
9155
9157
9157
9159
9163
9163
9164
9165
9165
9166
9166
9168
9168
9169
9171
9172
9173
9173
9175
9176
9177
9179
9179
9179
9180
9182
9183
9184
9184
9185
9187
9187
9189
9191
9191
9192
9192
9193
9194
9196
9197
9198
9201
9204
9204
9205
9206
9206
9209
9209
9209
9210
9210
9212
9214
9214
9216
9218
9222
9223
9224
9226
9227
9227
9227
9227
9229
9230
9232
9233
9235
9235
9237
9237
9241
9241
9242
9242
9244
9247
9248
9249
9252
9255
9258
9258
9259
9260
9261
9261
9261
9264
9264
9265
9266
9268
9269
9269
9270
9271
9272
9272
9273
9273
9273
9273
9274
9274
9274
9276
9276
9277
9278
9278
9278
9281
9281
9283
9283
9284
9285
9286
9288
9288
9291
9291
9291
9292
9293
9293
9294
9296
9298
9298
9300
9300
9301
9302
9303
9303
9304
9305
9307
9308
9311
9311
9313
9314
9315
9315
9316
9317
9320
9320
9320
9320
9321
9321
9323
9324
9326
9328
9329
9330
9330
9331
9332
9333
9333
9334
9335
9337
9337
9337
9340
9341
9343
9346
9346
9347
9348
9349
9349
9350
9350
9350
9352
9355
9355
9356
9357
9357
9357
9360
9361
9363
9364
9365
9365
9366
9367
9367
9369
9370
9370
9373
9375
9376
9377
9378
9379
9385
9386
9386
9388
9388
9390
9391
9393
9394
9394
9395
9395
9396
9397
9397
9398
9399
9399
9400
9401
9402
9403
9403
9405
9405
9407
9413
9413
9416
9416
9418
9420
9421
9422
9422
9423
9424
9424
9425
9425
9426
9431
9431
9433
9433
9435
9438
9442
9442
9443
9443
9445
9445
9447
9448
9449
9451
9451
9452
9453
9454
9455
9456
9456
9457
9458
9458
9458
9459
9459
9461
9462
9463
9465
9465
9465
9466
9466
9466
9467
9467
9467
9468
9469
9470
9471
9472
9473
9473
9474
9477
9477
9479
9480
9481
9482
9484
9485
9486
9487
9487
9489
9490
9491
9492
9493
9493
9494
9494
9494
9495
9496
9496
9497
9498
9500
9501
9503
9504
9504
9504
9505
9506
9506
9506
9507
9508
9510
9511
9511
9513
9513
9515
9515
9517
9517
9517
9517
9518
9519
9519
9520
9522
9522
9523
9526
9529
9529
9529
9531
9531
9531
9532
9534
9535
9535
9535
9536
9537
9539
9540
9540
9541
9541
9542
9542
9544
9545
9546
9547
9548
9550
9551
9552
9552
9555
9555
9556
9559
9563
9565
9566
9568
9569
9569
9570
9571
9573
9574
9574
9574
9576
9577
9580
9581
9582
9583
9583
9585
9585
9585
9586
9586
9586
9587
9588
9589
9590
9590
9593
9594
9594
9595
9596
9598
9599
9599
9600
9600
9600
9600
9604
9605
9606
9607
9607
9608
9611
9611
9612
9614
9614
9614
9617
9621
9622
9623
9624
9625
9626
9628
9628
9629
9630
9630
9630
9631
9633
9634
9635
9637
9638
9638
9639
9642
9642
9642
9644
9645
9645
9645
9645
9646
9648
9648
9650
9653
9654
9654
9654
9654
9658
9659
9659
9659
9661
9662
9662
9663
9667
9672
9672
9672
9673
9673
9679
9681
9681
9682
9684
9684
9684
9686
9688
9688
9688
9688
9690
9691
9692
9694
9695
9695
9700
9701
9701
9703
9703
9707
9707
9708
9708
9709
9711
9715
9715
9715
9715
9716
9716
9718
9719
9722
9723
9725
9728
9730
9731
9732
9732
9732
9734
9735
9736
9736
9738
9739
9739
9740
9740
9740
9741
9743
9743
9743
9743
9746
9746
9746
9746
9749
9749
9749
9750
9750
9753
9753
9753
9753
9756
9757
9759
9759
9760
9762
9763
9764
9765
9768
9769
9770
9770
9770
9771
9771
9772
9772
9772
9772
9773
9773
9773
9774
9774
9774
9775
9782
9782
9783
9783
9784
9784
9784
9785
9785
9785
9786
9786
9786
9786
9786
9787
9788
9789
9789
9790
9791
9792
9793
9793
9793
9794
9795
9795
9795
9796
9796
9797
9797
9797
9797
9800
9800
9801
9801
9802
9803
9803
9803
9808
9811
9811
9811
9813
9813
9815
9816
9818
9818
9819
9819
9821
9821
9823
9824
9824
9825
9826
9826
9826
9827
9831
9832
9832
9834
9836
9838
9840
9840
9843
9844
9847
9848
9848
9853
9853
9854
9855
9856
9857
9859
9860
9860
9861
9862
9863
9863
9863
9867
9867
9869
9870
9871
9871
9873
9873
9873
9873
9873
9874
9879
9880
9880
9880
9881
9881
9882
9885
9886
9887
9887
9889
9889
9890
9890
9891
9891
9892
9892
9894
9895
9896
9896
9898
9898
9899
9900
9901
9902
9902
9902
9903
9903
9903
9904
9904
9906
9906
9907
9908
9909
9911
9911
9913
9913
9913
9917
9918
9918
9918
9919
9924
9924
9924
9925
9925
9925
9926
9927
9927
9929
9932
9932
9932
9934
9936
9936
9938
9938
9939
9940
9940
9940
9943
9945
9950
9951
9953
9953
9953
9955
9956
9957
9958
9958
9960
9961
9962
9962
9962
9965
9966
9966
9966
9967
9967
9969
9969
9973
9974
9974
9974
9975
9976
9977
9978
9978
9979
9979
9980
9984
9984
9986
9986
9988
9991
9992
9993
9993
9994
9994
9994
9994
9995
9995
9997
9998
9999
9999
9999
9999
