Time for Pass 1: 0.131
3
4
5
5
5
6
7
8
8
9
9
9
10
10
10
11
12
12
14
15
17
18
19
20
20
21
21
22
22
23
23
23
24
26
26
28
29
31
31
32
32
33
33
34
36
36
39
40
41
42
44
44
47
47
48
48
48
48
48
50
51
51
52
53
54
54
54
56
57
58
60
60
63
64
65
65
66
67
69
69
70
71
73
75
78
81
83
84
86
87
87
88
89
89
89
90
90
92
93
93
93
94
95
96
96
96
96
98
100
101
102
103
103
103
104
104
106
109
110
111
112
112
112
113
113
113
113
114
114
115
116
117
117
121
122
123
124
124
126
127
128
129
129
130
130
132
136
137
139
139
139
140
142
142
144
144
144
146
148
149
150
151
152
153
153
155
157
157
159
160
161
162
162
165
165
166
167
168
169
170
170
171
171
172
173
175
176
178
178
182
182
183
183
183
183
184
184
185
185
185
186
186
188
189
191
193
194
194
194
194
195
196
201
203
204
204
208
209
210
210
212
212
213
215
215
216
217
217
221
222
222
223
225
225
226
226
230
232
235
236
237
238
238
241
244
244
246
246
246
248
248
251
253
253
254
254
254
256
256
257
257
258
259
259
260
261
263
264
264
265
265
265
266
267
268
269
270
270
271
272
273
274
276
277
278
279
280
282
283
283
285
285
290
290
291
291
291
292
293
295
297
297
298
299
300
301
301
302
304
305
305
305
305
307
307
310
310
310
311
312
313
313
315
316
316
317
318
319
319
319
319
321
321
322
322
322
322
325
327
327
328
330
331
331
332
333
335
335
335
336
337
337
338
339
341
342
343
343
345
345
346
347
350
350
350
354
357
362
363
363
363
364
365
368
369
369
370
370
370
374
374
377
377
377
379
380
381
382
384
385
385
386
388
388
391
392
393
393
395
397
398
398
399
399
401
401
401
402
403
405
406
409
409
411
411
412
416
417
417
418
419
419
419
424
429
431
431
432
434
436
436
436
437
438
440
442
442
443
444
445
447
447
447
447
447
447
448
449
450
453
454
455
456
456
457
457
457
458
460
461
461
461
463
463
464
464
465
467
470
470
472
475
477
478
479
481
481
484
488
489
490
491
492
492
494
494
495
495
496
496
496
498
498
499
499
500
501
501
501
502
502
503
506
509
513
513
516
518
519
522
523
525
525
535
537
539
540
541
542
545
545
549
549
549
549
549
550
552
552
554
554
557
558
559
559
560
560
561
563
565
566
566
566
568
568
568
568
570
570
570
571
571
574
574
574
575
576
577
578
578
579
579
579
580
581
582
582
582
585
585
586
586
586
587
587
588
588
588
589
590
590
592
592
593
593
597
600
601
603
603
604
604
605
605
607
607
607
608
608
608
609
609
611
612
612
614
615
618
618
618
619
620
620
620
620
620
621
623
623
623
624
625
626
626
626
628
628
629
631
632
632
632
632
635
635
635
636
636
637
637
638
639
641
641
645
646
647
648
648
649
650
652
654
654
656
657
664
665
667
667
667
668
670
672
673
674
676
678
678
682
684
689
690
690
690
691
692
693
696
696
700
701
701
704
705
706
706
707
716
716
718
719
719
723
725
725
728
729
729
736
737
737
738
738
743
743
744
744
745
746
746
746
746
747
747
748
752
753
753
756
756
756
757
758
759
760
763
764
764
765
765
765
765
766
766
766
767
769
769
772
773
773
774
774
774
775
778
779
780
780
780
780
780
782
782
782
783
783
784
784
786
786
787
788
789
790
790
791
793
794
794
795
795
796
796
797
797
797
798
799
799
799
800
800
800
801
801
802
802
803
804
804
804
806
807
808
809
809
811
813
815
815
816
820
820
821
822
823
823
825
825
825
825
825
827
830
830
832
832
835
836
837
844
846
847
847
849
850
853
855
856
857
857
857
860
861
864
864
864
865
866
866
867
867
868
869
869
870
871
871
871
874
874
874
874
876
877
878
879
879
879
880
881
882
883
884
887
888
889
889
889
889
889
890
891
891
895
895
896
897
897
898
898
898
898
900
900
902
902
903
903
904
904
906
906
907
909
909
909
912
912
912
916
917
919
921
921
922
922
923
923
923
923
926
927
928
929
929
930
931
932
932
932
935
937
937
937
939
940
943
945
946
952
956
956
957
957
958
960
960
960
961
963
965
966
966
966
967
967
968
968
968
968
970
971
971
971
973
974
975
975
979
981
981
985
986
986
986
986
987
988
988
988
989
990
991
992
992
993
994
998
999
1000
1000
1001
1002
1002
1005
1007
1007
1008
1008
1008
1012
1012
1014
1015
1016
1017
1018
1018
1019
1019
1020
1020
1020
1023
1024
1024
1026
1026
1026
1028
1029
1029
1029
1030
1032
1033
1034
1034
1037
1038
1039
1039
1040
1040
1040
1041
1045
1045
1046
1047
1047
1047
1053
1053
1053
1053
1055
1055
1059
1059
1059
1060
1063
1064
1065
1065
1066
1067
1067
1067
1067
1067
1069
1070
1070
1071
1071
1071
1071
1073
1073
1074
1075
1076
1076
1076
1079
1079
1080
1080
1084
1085
1086
1086
1087
1090
1091
1091
1092
1093
1094
1095
1095
1096
1099
1100
1101
1101
1102
1103
1105
1106
1109
1111
1113
1115
1115
1117
1118
1119
1120
1120
1122
1123
1125
1126
1128
1129
1129
1129
1130
1130
1131
1131
1132
1134
1135
1137
1138
1139
1139
1139
1139
1140
1140
1141
1141
1142
1144
1145
1147
1147
1147
1147
1147
1148
1149
1151
1152
1152
1153
1154
1156
1157
1158
1158
1160
1162
1163
1166
1167
1167
1167
1169
1169
1169
1170
1171
1171
1172
1173
1173
1174
1174
1175
1176
1177
1178
1180
1181
1182
1182
1182
1184
1184
1187
1188
1188
1188
1191
1192
1194
1194
1196
1197
1197
1197
1198
1198
1204
1208
1208
1208
1212
1212
1214
1216
1217
1217
1219
1219
1223
1225
1226
1227
1227
1228
1229
1229
1230
1230
1230
1230
1231
1232
1233
1233
1234
1235
1235
1235
1236
1236
1236
1236
1239
1239
1239
1240
1241
1244
1246
1247
1247
1248
1249
1249
1249
1250
1250
1250
1251
1251
1256
1256
1259
1259
1260
1261
1261
1262
1263
1264
1264
1264
1264
1266
1266
1267
1267
1267
1267
1269
1273
1273
1274
1274
1275
1276
1277
1281
1282
1283
1283
1283
1285
1285
1285
1286
1286
1286
1288
1288
1290
1290
1292
1293
1294
1294
1294
1295
1295
1296
1297
1297
1299
1300
1301
1302
1303
1304
1307
1308
1310
1311
1312
1314
1314
1314
1320
1321
1321
1323
1324
1324
1324
1328
1329
1330
1330
1331
1331
1331
1332
1333
1335
1335
1336
1336
1338
1340
1340
1344
1344
1345
1345
1346
1346
1347
1347
1349
1350
1350
1352
1353
1353
1354
1361
1362
1362
1363
1363
1364
1366
1367
1368
1368
1368
1370
1370
1370
1371
1371
1372
1372
1372
1373
1373
1374
1376
1377
1377
1382
1383
1383
1385
1385
1390
1392
1393
1394
1395
1396
1397
1397
1398
1401
1401
1401
1403
1406
1410
1410
1411
1411
1413
1416
1417
1417
1418
1419
1420
1421
1424
1425
1425
1425
1425
1428
1431
1432
1433
1433
1434
1435
1435
1437
1438
1438
1438
1438
1439
1440
1440
1442
1442
1443
1444
1446
1449
1451
1454
1454
1454
1456
1457
1459
1460
1462
1464
1464
1465
1465
1467
1468
1470
1470
1471
1472
1474
1475
1477
1478
1478
1478
1479
1481
1483
1488
1488
1488
1488
1488
1489
1490
1490
1491
1493
1493
1495
1496
1498
1499
1500
1502
1502
1503
1505
1506
1506
1506
1507
1509
1511
1515
1515
1515
1516
1516
1517
1520
1521
1521
1522
1522
1524
1525
1525
1526
1527
1527
1528
1528
1530
1530
1531
1532
1532
1533
1535
1535
1536
1536
1537
1538
1539
1540
1542
1542
1542
1545
1545
1545
1547
1547
1548
1549
1550
1551
1551
1551
1551
1553
1554
1557
1558
1559
1559
1560
1560
1561
1562
1564
1564
1566
1569
1570
1571
1572
1575
1577
1578
1579
1579
1580
1581
1582
1582
1582
1583
1583
1585
1589
1589
1590
1591
1591
1592
1592
1593
1593
1594
1596
1596
1597
1597
1597
1598
1600
1601
1601
1601
1603
1604
1605
1608
1608
1609
1611
1612
1612
1613
1615
1615
1617
1617
1618
1618
1620
1621
1623
1623
1624
1625
1625
1626
1628
1628
1629
1629
1630
1630
1630
1632
1632
1634
1634
1635
1636
1636
1638
1639
1639
1640
1643
1643
1644
1646
1647
1647
1647
1647
1648
1649
1650
1650
1650
1651
1652
1653
1655
1656
1656
1658
1661
1662
1665
1665
1667
1670
1671
1673
1674
1675
1675
1677
1677
1679
1682
1682
1682
1683
1683
1683
1687
1689
1691
1691
1692
1693
1693
1693
1693
1694
1694
1694
1694
1695
1695
1695
1696
1699
1699
1700
1701
1701
1702
1703
1704
1706
1706
1710
1712
1712
1713
1713
1714
1714
1714
1714
1714
1715
1715
1715
1715
1715
1717
1717
1718
1718
1719
1720
1720
1721
1723
1725
1726
1729
1732
1732
1734
1735
1736
1736
1737
1737
1739
1739
1743
1747
1748
1749
1749
1752
1755
1756
1757
1757
1758
1760
1761
1764
1764
1765
1765
1766
1767
1769
1769
1769
1769
1772
1772
1775
1776
1778
1778
1778
1779
1780
1783
1783
1783
1785
1787
1788
1789
1789
1791
1793
1793
1794
1794
1794
1797
1797
1800
1802
1802
1803
1803
1808
1811
1811
1814
1814
1815
1816
1817
1818
1818
1818
1819
1821
1825
1828
1829
1830
1831
1832
1834
1835
1835
1836
1838
1840
1840
1840
1841
1846
1847
1847
1847
1848
1849
1850
1851
1856
1856
1856
1857
1857
1857
1857
1860
1861
1861
1861
1862
1862
1862
1864
1866
1866
1869
1869
1869
1870
1872
1872
1872
1873
1874
1874
1875
1875
1876
1877
1878
1879
1879
1879
1879
1880
1880
1883
1883
1883
1883
1883
1884
1884
1885
1885
1892
1892
1896
1897
1897
1897
1898
1898
1898
1898
1901
1901
1902
1903
1907
1907
1910
1910
1911
1911
1913
1914
1914
1915
1916
1916
1916
1916
1917
1918
1919
1920
1922
1922
1923
1923
1928
1930
1932
1933
1933
1933
1934
1934
1934
1934
1935
1935
1936
1936
1937
1937
1940
1940
1942
1942
1944
1944
1945
1946
1946
1946
1948
1950
1951
1952
1954
1955
1955
1956
1956
1958
1958
1959
1960
1961
1962
1964
1965
1965
1965
1965
1967
1968
1973
1979
1979
1981
1982
1982
1987
1987
1987
1987
1987
1989
1990
1992
1992
1992
1992
1993
1993
1993
1995
1995
1995
1996
1997
1998
1998
2000
2002
2003
2004
2008
2008
2010
2010
2011
2013
2013
2014
2015
2015
2016
2016
2018
2018
2018
2021
2021
2022
2022
2023
2023
2023
2025
2027
2032
2032
2033
2034
2034
2035
2036
2037
2038
2039
2040
2040
2041
2042
2044
2047
2047
2048
2048
2051
2051
2052
2052
2056
2057
2057
2062
2063
2063
2064
2065
2069
2074
2074
2076
2076
2076
2078
2081
2081
2081
2081
2082
2083
2083
2084
2085
2087
2087
2088
2088
2089
2090
2091
2096
2097
2097
2098
2098
2098
2099
2102
2103
2103
2105
2107
2108
2111
2111
2115
2116
2116
2117
2118
2118
2118
2118
2121
2123
2123
2123
2124
2127
2129
2133
2134
2134
2135
2135
2137
2138
2139
2141
2141
2141
2142
2143
2143
2143
2143
2143
2144
2144
2145
2145
2146
2146
2148
2148
2149
2149
2150
2151
2154
2154
2155
2155
2159
2160
2162
2167
2167
2167
2167
2167
2168
2168
2169
2169
2170
2171
2172
2175
2178
2178
2178
2178
2179
2180
2180
2181
2184
2184
2184
2184
2184
2185
2185
2185
2185
2189
2190
2190
2191
2192
2193
2195
2197
2200
2201
2202
2203
2204
2205
2207
2207
2208
2208
2209
2209
2209
2209
2209
2210
2212
2215
2218
2220
2220
2226
2226
2226
2227
2228
2228
2230
2231
2231
2231
2232
2234
2234
2235
2236
2237
2237
2240
2242
2243
2245
2247
2249
2250
2250
2251
2251
2252
2252
2253
2254
2259
2260
2260
2260
2261
2262
2263
2263
2264
2265
2265
2265
2266
2266
2267
2269
2269
2269
2269
2273
2273
2276
2278
2280
2280
2281
2282
2283
2284
2284
2285
2285
2286
2286
2286
2287
2289
2290
2290
2291
2292
2293
2294
2296
2299
2299
2299
2300
2300
2301
2302
2304
2306
2308
2308
2308
2309
2309
2309
2309
2310
2310
2310
2310
2311
2312
2313
2315
2318
2320
2320
2320
2321
2323
2324
2325
2326
2328
2329
2330
2331
2331
2331
2332
2332
2333
2333
2334
2334
2335
2337
2339
2341
2341
2341
2343
2344
2345
2348
2349
2350
2350
2352
2354
2355
2356
2361
2362
2362
2363
2363
2364
2364
2369
2369
2370
2370
2371
2371
2371
2372
2373
2373
2373
2375
2375
2377
2377
2379
2382
2384
2384
2384
2389
2391
2392
2392
2394
2395
2395
2396
2396
2397
2402
2402
2403
2405
2406
2409
2409
2410
2411
2412
2412
2413
2417
2417
2419
2419
2419
2420
2421
2421
2423
2423
2423
2423
2424
2425
2426
2428
2429
2430
2431
2431
2431
2433
2434
2434
2434
2435
2439
2441
2441
2441
2442
2443
2444
2444
2446
2446
2449
2449
2449
2449
2450
2451
2453
2454
2454
2455
2456
2457
2459
2460
2462
2464
2465
2465
2465
2468
2468
2471
2472
2473
2475
2476
2477
2477
2479
2479
2479
2479
2480
2480
2481
2481
2482
2482
2482
2484
2485
2485
2486
2486
2487
2487
2488
2488
2489
2490
2491
2491
2491
2492
2493
2495
2497
2498
2498
2500
2501
2507
2508
2509
2510
2511
2512
2516
2517
2518
2519
2519
2523
2523
2524
2525
2526
2526
2526
2526
2528
2529
2530
2530
2530
2532
2533
2534
2535
2536
2537
2537
2540
2540
2540
2542
2542
2544
2545
2545
2545
2549
2550
2551
2552
2553
2553
2555
2555
2556
2564
2565
2569
2571
2572
2573
2573
2575
2578
2578
2580
2580
2581
2581
2582
2582
2583
2585
2585
2588
2588
2589
2590
2590
2590
2591
2593
2595
2596
2597
2599
2600
2602
2603
2603
2604
2604
2604
2604
2604
2607
2608
2608
2609
2610
2611
2612
2614
2614
2615
2615
2615
2617
2619
2619
2620
2620
2622
2622
2626
2628
2628
2628
2629
2635
2636
2637
2638
2639
2641
2642
2642
2646
2647
2648
2650
2653
2654
2655
2656
2656
2659
2660
2661
2662
2663
2664
2664
2664
2665
2667
2668
2669
2669
2677
2677
2679
2679
2680
2681
2681
2682
2682
2683
2684
2686
2687
2688
2689
2689
2690
2690
2693
2693
2693
2694
2695
2695
2695
2695
2696
2696
2698
2698
2699
2700
2700
2703
2703
2704
2705
2705
2708
2708
2712
2712
2712
2713
2713
2713
2713
2716
2716
2717
2719
2720
2724
2725
2728
2728
2729
2730
2731
2731
2733
2733
2734
2736
2736
2737
2738
2738
2738
2738
2739
2740
2743
2743
2743
2744
2746
2747
2747
2747
2748
2748
2749
2749
2751
2751
2752
2752
2754
2754
2755
2756
2756
2760
2761
2761
2762
2762
2762
2763
2763
2763
2766
2767
2768
2768
2772
2772
2772
2772
2773
2774
2774
2774
2775
2777
2778
2778
2779
2779
2780
2781
2781
2782
2783
2784
2787
2788
2789
2790
2791
2792
2793
2794
2795
2796
2797
2797
2799
2800
2800
2800
2801
2802
2802
2803
2803
2805
2805
2805
2806
2810
2811
2811
2812
2812
2813
2815
2815
2816
2816
2816
2817
2819
2819
2819
2820
2820
2820
2822
2822
2823
2825
2825
2825
2826
2826
2827
2829
2829
2830
2831
2832
2832
2835
2836
2836
2836
2839
2839
2839
2840
2842
2842
2842
2843
2843
2844
2845
2846
2848
2848
2849
2851
2851
2852
2852
2853
2853
2853
2854
2859
2859
2859
2863
2866
2866
2867
2870
2872
2872
2873
2876
2879
2880
2881
2884
2885
2885
2885
2886
2889
2889
2890
2891
2894
2896
2896
2897
2897
2898
2898
2899
2901
2904
2904
2905
2906
2906
2906
2907
2910
2910
2911
2911
2912
2912
2913
2913
2913
2914
2914
2916
2917
2918
2919
2920
2920
2921
2921
2922
2923
2923
2923
2923
2924
2924
2925
2925
2925
2925
2926
2927
2927
2929
2929
2931
2931
2933
2933
2933
2934
2937
2939
2944
2944
2946
2947
2948
2950
2950
2951
2952
2952
2952
2954
2956
2957
2958
2959
2960
2960
2960
2960
2961
2961
2962
2962
2963
2965
2966
2966
2967
2968
2968
2968
2971
2972
2972
2974
2974
2974
2974
2978
2978
2979
2980
2983
2983
2983
2983
2983
2983
2984
2984
2986
2986
2986
2987
2988
2989
2989
2990
2990
2994
2995
2997
2998
2999
2999
3002
3003
3004
3005
3006
3007
3009
3009
3010
3011
3013
3016
3018
3018
3019
3020
3020
3020
3021
3023
3023
3024
3024
3027
3028
3028
3028
3029
3030
3031
3035
3035
3036
3036
3039
3039
3039
3042
3042
3042
3042
3042
3043
3044
3044
3045
3045
3046
3047
3048
3049
3049
3049
3049
3049
3050
3050
3051
3053
3054
3054
3054
3054
3055
3056
3056
3056
3056
3057
3057
3058
3060
3064
3065
3065
3068
3069
3069
3071
3072
3072
3074
3074
3076
3076
3079
3083
3083
3087
3087
3090
3091
3092
3093
3093
3095
3095
3096
3098
3098
3100
3104
3106
3106
3106
3107
3108
3115
3115
3115
3115
3116
3119
3120
3122
3123
3123
3123
3124
3124
3125
3125
3126
3128
3130
3130
3131
3135
3136
3138
3140
3140
3141
3142
3144
3144
3144
3145
3145
3145
3146
3148
3149
3151
3151
3153
3153
3153
3153
3153
3154
3156
3156
3157
3158
3158
3159
3161
3161
3162
3163
3164
3164
3165
3165
3167
3167
3169
3169
3170
3172
3172
3173
3173
3174
3174
3175
3175
3175
3175
3176
3176
3177
3177
3177
3177
3178
3180
3182
3183
3183
3183
3185
3186
3186
3187
3187
3187
3188
3190
3191
3191
3191
3192
3193
3197
3198
3199
3199
3203
3204
3205
3206
3206
3207
3209
3209
3210
3211
3212
3214
3214
3214
3215
3217
3220
3224
3224
3224
3224
3225
3226
3227
3228
3232
3236
3237
3237
3238
3240
3240
3241
3242
3242
3243
3243
3243
3245
3246
3246
3246
3247
3249
3250
3252
3253
3253
3256
3256
3256
3256
3258
3258
3259
3259
3260
3260
3261
3262
3262
3262
3262
3266
3267
3268
3270
3272
3273
3274
3277
3279
3280
3280
3280
3281
3283
3286
3288
3290
3290
3292
3293
3293
3294
3295
3296
3297
3297
3300
3300
3301
3302
3303
3303
3304
3304
3305
3305
3305
3306
3307
3307
3308
3309
3310
3312
3314
3316
3317
3318
3318
3320
3322
3323
3323
3324
3328
3329
3330
3331
3332
3332
3333
3333
3335
3336
3336
3339
3340
3341
3344
3345
3345
3346
3349
3350
3351
3353
3355
3355
3355
3357
3358
3359
3359
3360
3361
3364
3366
3367
3368
3369
3369
3369
3371
3371
3373
3375
3377
3378
3379
3380
3380
3381
3381
3383
3383
3384
3384
3385
3386
3389
3389
3390
3391
3392
3392
3397
3398
3401
3401
3401
3402
3402
3404
3404
3404
3405
3405
3406
3408
3409
3409
3411
3414
3414
3416
3416
3417
3417
3417
3418
3418
3418
3419
3419
3419
3420
3422
3422
3424
3424
3425
3425
3426
3426
3426
3427
3428
3430
3431
3431
3432
3433
3434
3435
3435
3436
3437
3437
3437
3437
3437
3438
3438
3439
3439
3439
3441
3441
3441
3442
3443
3443
3443
3445
3445
3445
3446
3450
3451
3451
3452
3452
3453
3453
3457
3458
3458
3459
3462
3462
3463
3464
3465
3465
3466
3469
3471
3471
3472
3474
3475
3476
3480
3481
3483
3483
3483
3484
3485
3486
3487
3488
3488
3488
3488
3490
3491
3491
3491
3492
3494
3495
3495
3495
3497
3497
3497
3499
3499
3501
3501
3503
3503
3504
3504
3505
3506
3507
3508
3509
3511
3511
3511
3512
3513
3513
3517
3518
3519
3520
3520
3521
3523
3523
3524
3524
3525
3525
3526
3526
3526
3530
3531
3533
3534
3535
3536
3538
3540
3541
3541
3543
3543
3544
3544
3548
3548
3551
3552
3552
3553
3553
3554
3554
3555
3555
3557
3558
3558
3560
3560
3560
3561
3561
3561
3561
3561
3562
3562
3562
3563
3563
3564
3564
3565
3565
3566
3566
3568
3569
3569
3569
3569
3572
3575
3575
3575
3575
3580
3582
3582
3583
3583
3585
3585
3585
3587
3587
3589
3591
3592
3593
3593
3594
3595
3596
3597
3600
3600
3601
3602
3602
3603
3604
3605
3607
3607
3610
3613
3613
3615
3618
3620
3621
3623
3625
3625
3626
3626
3626
3627
3628
3628
3630
3631
3632
3635
3638
3638
3638
3638
3640
3642
3642
3643
3643
3643
3644
3644
3644
3645
3646
3646
3647
3650
3650
3653
3653
3654
3654
3655
3656
3656
3657
3657
3658
3658
3661
3661
3663
3663
3664
3664
3666
3668
3669
3671
3671
3671
3672
3674
3675
3677
3680
3681
3681
3683
3684
3684
3684
3685
3686
3686
3689
3690
3692
3697
3698
3698
3698
3701
3703
3704
3705
3706
3711
3713
3714
3714
3714
3715
3715
3717
3717
3717
3719
3720
3721
3721
3722
3723
3723
3723
3723
3724
3725
3726
3726
3726
3727
3728
3731
3733
3733
3733
3735
3736
3742
3743
3744
3746
3747
3747
3749
3749
3749
3750
3750
3752
3752
3753
3754
3754
3758
3760
3760
3761
3761
3761
3762
3762
3763
3765
3766
3767
3768
3769
3769
3771
3772
3775
3777
3778
3780
3781
3782
3783
3785
3786
3788
3790
3790
3790
3792
3794
3794
3795
3795
3796
3798
3799
3799
3801
3802
3803
3804
3805
3806
3807
3809
3810
3812
3813
3817
3821
3821
3823
3823
3825
3825
3826
3827
3828
3829
3829
3829
3830
3832
3833
3833
3834
3834
3835
3838
3838
3838
3838
3839
3841
3841
3841
3842
3843
3844
3844
3845
3846
3847
3848
3851
3851
3851
3853
3853
3855
3856
3856
3856
3857
3857
3857
3859
3860
3861
3862
3863
3864
3864
3865
3866
3867
3867
3867
3869
3873
3873
3876
3876
3876
3881
3882
3883
3883
3883
3883
3884
3885
3885
3885
3888
3888
3888
3888
3889
3889
3892
3892
3896
3897
3897
3898
3898
3899
3899
3902
3903
3904
3905
3906
3906
3906
3907
3908
3909
3910
3910
3911
3911
3913
3915
3915
3917
3917
3918
3919
3920
3921
3921
3921
3922
3924
3926
3927
3928
3930
3930
3933
3933
3933
3934
3934
3934
3936
3937
3937
3937
3937
3940
3941
3946
3948
3948
3949
3949
3950
3951
3951
3951
3952
3952
3953
3953
3954
3955
3955
3955
3955
3956
3956
3957
3957
3959
3959
3959
3960
3962
3963
3963
3963
3964
3964
3964
3965
3966
3966
3966
3967
3967
3968
3968
3969
3973
3975
3976
3977
3977
3978
3980
3980
3982
3984
3985
3986
3987
3987
3988
3989
3990
3990
3992
3994
3995
3996
3996
3999
4002
4005
4008
4012
4012
4013
4013
4015
4017
4018
4019
4019
4020
4021
4023
4026
4026
4026
4028
4029
4029
4029
4030
4030
4031
4032
4033
4034
4035
4036
4037
4038
4040
4040
4041
4042
4042
4042
4042
4043
4044
4045
4045
4045
4046
4046
4047
4049
4050
4050
4050
4052
4053
4055
4056
4057
4058
4060
4062
4062
4062
4062
4063
4064
4064
4066
4066
4069
4070
4071
4071
4071
4072
4072
4073
4075
4076
4076
4077
4078
4080
4080
4080
4084
4085
4085
4086
4087
4089
4089
4092
4092
4093
4094
4095
4095
4096
4096
4098
4102
4102
4103
4104
4107
4107
4108
4110
4111
4113
4113
4114
4116
4118
4119
4120
4121
4121
4123
4123
4124
4124
4124
4124
4126
4126
4126
4127
4129
4132
4132
4132
4133
4133
4135
4135
4139
4141
4141
4143
4144
4145
4145
4146
4147
4147
4148
4149
4154
4154
4155
4156
4156
4157
4157
4158
4158
4158
4159
4160
4161
4161
4161
4162
4163
4163
4163
4164
4165
4165
4165
4165
4165
4166
4166
4168
4168
4169
4170
4171
4172
4172
4174
4175
4175
4175
4176
4176
4176
4177
4178
4181
4182
4182
4183
4184
4184
4184
4184
4186
4187
4189
4189
4189
4189
4189
4190
4190
4192
4193
4194
4198
4198
4200
4201
4202
4202
4203
4204
4205
4205
4205
4206
4206
4206
4207
4213
4213
4215
4215
4218
4219
4219
4220
4221
4221
4222
4223
4223
4225
4226
4228
4229
4230
4230
4230
4231
4231
4233
4234
4235
4235
4236
4236
4238
4241
4241
4241
4243
4244
4246
4246
4247
4247
4247
4247
4249
4250
4251
4253
4253
4256
4259
4260
4261
4263
4264
4266
4266
4267
4267
4268
4268
4270
4270
4270
4270
4271
4272
4273
4273
4274
4274
4276
4276
4277
4277
4277
4279
4279
4279
4280
4282
4284
4284
4287
4287
4288
4288
4289
4292
4292
4293
4300
4300
4301
4301
4301
4302
4303
4304
4306
4308
4308
4309
4309
4310
4310
4312
4312
4314
4314
4314
4315
4317
4317
4318
4319
4319
4320
4320
4321
4322
4322
4324
4324
4326
4327
4328
4329
4329
4330
4331
4334
4334
4335
4335
4336
4336
4337
4338
4338
4341
4342
4344
4344
4344
4345
4346
4346
4347
4347
4347
4348
4348
4350
4350
4352
4353
4356
4356
4357
4360
4362
4364
4365
4366
4366
4366
4367
4370
4372
4372
4375
4375
4376
4378
4380
4381
4383
4384
4385
4386
4387
4387
4387
4392
4392
4393
4393
4394
4395
4396
4396
4397
4397
4399
4402
4403
4404
4405
4405
4405
4406
4407
4408
4410
4410
4412
4414
4414
4414
4414
4415
4416
4417
4418
4418
4418
4419
4423
4425
4425
4428
4428
4428
4429
4434
4435
4438
4438
4439
4441
4441
4442
4443
4443
4444
4445
4446
4447
4447
4449
4449
4449
4450
4451
4452
4452
4455
4455
4455
4456
4457
4457
4459
4459
4461
4463
4465
4466
4469
4469
4469
4470
4471
4472
4475
4476
4476
4476
4479
4479
4480
4481
4481
4484
4484
4488
4488
4489
4492
4492
4493
4494
4494
4495
4496
4496
4496
4497
4498
4499
4501
4501
4501
4503
4503
4506
4506
4506
4506
4506
4508
4510
4511
4512
4514
4517
4517
4517
4519
4520
4521
4523
4525
4527
4527
4529
4529
4532
4532
4532
4534
4536
4538
4540
4541
4545
4546
4547
4548
4549
4550
4550
4555
4555
4556
4558
4560
4561
4562
4563
4564
4565
4567
4568
4570
4572
4572
4572
4573
4573
4573
4573
4575
4576
4577
4577
4578
4581
4581
4581
4582
4582
4582
4584
4584
4587
4590
4592
4593
4594
4596
4596
4596
4596
4597
4599
4599
4599
4601
4602
4602
4603
4603
4603
4603
4606
4608
4609
4609
4611
4611
4613
4615
4618
4620
4621
4621
4623
4625
4625
4625
4626
4626
4626
4628
4628
4630
4631
4631
4631
4632
4633
4633
4634
4634
4634
4635
4635
4637
4637
4637
4638
4638
4639
4639
4639
4639
4641
4641
4645
4648
4652
4653
4654
4654
4655
4657
4660
4661
4661
4668
4668
4669
4669
4671
4674
4674
4674
4674
4676
4676
4678
4680
4680
4681
4682
4682
4685
4687
4689
4689
4695
4696
4697
4701
4702
4702
4703
4703
4704
4704
4705
4705
4705
4706
4706
4707
4708
4708
4709
4711
4714
4714
4714
4715
4716
4717
4718
4722
4723
4723
4724
4725
4726
4726
4726
4727
4727
4729
4729
4730
4733
4733
4733
4735
4737
4738
4741
4741
4742
4743
4745
4745
4746
4748
4748
4749
4750
4752
4752
4753
4753
4753
4754
4755
4755
4756
4757
4757
4758
4759
4760
4760
4761
4761
4761
4764
4764
4764
4766
4767
4768
4768
4769
4777
4779
4780
4780
4781
4782
4783
4783
4784
4785
4786
4787
4787
4788
4788
4789
4790
4790
4792
4794
4798
4798
4800
4800
4800
4801
4801
4801
4802
4803
4803
4804
4805
4806
4807
4807
4808
4809
4810
4811
4812
4812
4812
4813
4814
4815
4816
4819
4820
4820
4821
4821
4822
4822
4823
4824
4824
4824
4825
4825
4825
4827
4827
4830
4833
4836
4836
4836
4838
4838
4840
4841
4842
4842
4844
4845
4845
4846
4847
4848
4848
4849
4850
4851
4852
4853
4854
4854
4855
4856
4856
4858
4858
4859
4859
4861
4864
4864
4864
4866
4866
4867
4867
4869
4872
4873
4874
4874
4876
4878
4878
4880
4885
4885
4886
4887
4887
4888
4891
4891
4891
4892
4893
4894
4895
4895
4895
4897
4897
4898
4900
4900
4901
4904
4904
4906
4906
4908
4909
4909
4911
4912
4913
4914
4915
4915
4918
4919
4920
4922
4924
4925
4925
4926
4928
4930
4933
4934
4936
4936
4938
4939
4939
4940
4942
4942
4944
4948
4948
4949
4950
4951
4951
4951
4952
4954
4955
4955
4956
4962
4962
4963
4963
4964
4968
4968
4968
4969
4970
4971
4972
4972
4973
4974
4974
4976
4976
4977
4978
4978
4978
4979
4980
4980
4980
4982
4982
4985
4985
4986
4988
4988
4989
4990
4991
4992
4992
4994
4995
4995
4996
4997
4998
4998
4998
4998
5000
5003
5004
5006
5006
5007
5007
5007
5008
5009
5009
5009
5014
5014
5016
5017
5017
5018
5019
5021
5022
5022
5022
5024
5024
5026
5027
5027
5028
5031
5031
5031
5032
5032
5034
5035
5035
5037
5037
5037
5038
5038
5039
5040
5040
5044
5045
5046
5048
5049
5051
5051
5051
5052
5052
5054
5058
5058
5058
5059
5060
5061
5061
5063
5067
5067
5070
5070
5071
5073
5074
5075
5077
5078
5079
5082
5083
5083
5085
5085
5086
5088
5089
5089
5090
5090
5092
5094
5095
5095
5098
5098
5100
5102
5102
5103
5103
5104
5105
5106
5106
5108
5109
5110
5110
5112
5112
5112
5113
5113
5113
5113
5113
5115
5115
5115
5117
5118
5120
5120
5121
5122
5122
5122
5123
5124
5124
5126
5130
5131
5133
5133
5134
5136
5137
5137
5137
5138
5142
5142
5143
5143
5144
5146
5147
5147
5147
5147
5148
5148
5148
5149
5149
5149
5152
5153
5153
5157
5158
5158
5160
5160
5160
5161
5161
5162
5162
5164
5164
5165
5165
5165
5166
5167
5170
5172
5172
5177
5178
5179
5179
5180
5181
5181
5182
5184
5184
5184
5184
5185
5185
5186
5187
5188
5189
5192
5192
5195
5196
5196
5198
5198
5198
5199
5200
5200
5201
5201
5203
5203
5205
5205
5206
5207
5209
5209
5211
5213
5213
5214
5216
5217
5217
5218
5218
5220
5222
5222
5223
5224
5224
5225
5226
5226
5226
5226
5227
5229
5229
5229
5230
5230
5230
5232
5233
5234
5234
5237
5241
5241
5241
5241
5242
5243
5243
5244
5246
5247
5248
5248
5249
5250
5250
5251
5252
5252
5253
5253
5254
5255
5255
5256
5258
5258
5260
5260
5261
5263
5265
5266
5268
5268
5268
5269
5269
5270
5270
5274
5278
5278
5278
5280
5281
5281
5283
5284
5284
5284
5286
5286
5286
5286
5287
5288
5289
5291
5292
5293
5293
5293
5297
5297
5301
5303
5303
5308
5308
5309
5311
5311
5313
5313
5313
5314
5318
5319
5322
5323
5323
5325
5326
5326
5326
5326
5328
5329
5329
5334
5335
5335
5336
5336
5337
5337
5339
5340
5341
5342
5344
5344
5344
5346
5346
5349
5350
5352
5354
5354
5356
5356
5362
5362
5362
5363
5364
5366
5366
5367
5370
5370
5370
5370
5371
5371
5372
5372
5375
5375
5376
5376
5380
5383
5383
5383
5385
5385
5390
5391
5391
5392
5393
5393
5394
5395
5396
5398
5400
5400
5401
5402
5402
5402
5404
5404
5405
5406
5408
5409
5409
5411
5412
5413
5413
5413
5415
5418
5418
5419
5420
5421
5422
5423
5424
5426
5426
5427
5428
5428
5430
5431
5436
5436
5437
5437
5438
5439
5439
5440
5440
5441
5441
5441
5441
5441
5442
5443
5444
5445
5446
5446
5446
5447
5447
5448
5448
5449
5450
5450
5451
5452
5452
5454
5455
5456
5457
5457
5459
5461
5461
5463
5463
5463
5463
5465
5467
5467
5468
5469
5470
5470
5471
5471
5473
5473
5474
5475
5476
5483
5483
5486
5487
5487
5487
5490
5491
5491
5492
5493
5493
5493
5493
5496
5497
5499
5499
5500
5500
5501
5502
5502
5502
5504
5505
5505
5505
5507
5507
5509
5509
5511
5512
5512
5515
5516
5518
5519
5520
5521
5522
5522
5524
5525
5526
5527
5530
5530
5531
5531
5532
5534
5536
5536
5538
5539
5540
5540
5540
5541
5542
5544
5544
5545
5547
5547
5549
5549
5549
5550
5550
5554
5555
5556
5557
5558
5559
5559
5560
5560
5561
5562
5562
5563
5564
5567
5568
5568
5571
5571
5571
5572
5572
5576
5576
5577
5579
5579
5579
5581
5581
5582
5583
5583
5583
5585
5586
5587
5588
5588
5589
5590
5592
5595
5596
5598
5598
5598
5598
5599
5602
5605
5605
5606
5606
5607
5607
5608
5608
5609
5610
5610
5610
5611
5611
5611
5612
5616
5620
5621
5623
5624
5624
5626
5626
5627
5628
5630
5631
5632
5633
5634
5635
5635
5635
5636
5638
5638
5639
5639
5639
5639
5640
5642
5643
5644
5645
5645
5646
5647
5649
5649
5653
5656
5656
5656
5656
5657
5657
5657
5658
5660
5660
5663
5663
5665
5665
5665
5665
5666
5668
5669
5669
5670
5670
5673
5674
5674
5675
5675
5676
5676
5677
5677
5678
5679
5682
5683
5683
5684
5684
5684
5686
5686
5686
5689
5690
5692
5693
5693
5694
5696
5697
5699
5699
5703
5703
5705
5706
5707
5710
5713
5715
5716
5719
5720
5720
5722
5723
5725
5725
5728
5728
5730
5730
5730
5731
5731
5731
5731
5732
5732
5732
5733
5735
5738
5739
5740
5740
5740
5741
5742
5745
5745
5747
5748
5749
5750
5750
5750
5751
5753
5754
5756
5758
5759
5759
5759
5760
5760
5760
5760
5762
5763
5764
5764
5765
5767
5768
5769
5769
5769
5770
5770
5771
5772
5772
5772
5773
5774
5775
5776
5776
5777
5777
5779
5782
5783
5784
5789
5789
5790
5793
5794
5795
5796
5798
5801
5801
5803
5804
5806
5808
5810
5811
5813
5813
5814
5814
5814
5815
5815
5816
5816
5817
5817
5819
5819
5819
5820
5821
5823
5823
5823
5824
5825
5826
5826
5827
5827
5827
5830
5832
5833
5834
5837
5837
5840
5840
5842
5843
5845
5846
5847
5847
5847
5847
5849
5851
5852
5853
5854
5856
5858
5859
5860
5860
5861
5861
5862
5864
5864
5866
5867
5868
5869
5870
5870
5871
5873
5873
5875
5876
5878
5880
5881
5881
5882
5883
5883
5884
5887
5890
5890
5891
5891
5891
5892
5893
5893
5893
5895
5895
5895
5896
5896
5897
5900
5902
5904
5904
5905
5905
5906
5907
5911
5913
5915
5916
5917
5918
5918
5919
5919
5921
5922
5924
5924
5924
5925
5925
5927
5927
5928
5928
5929
5931
5933
5934
5934
5935
5936
5937
5937
5938
5938
5939
5940
5940
5941
5942
5944
5945
5945
5945
5948
5949
5951
5952
5952
5956
5957
5958
5958
5960
5963
5967
5968
5968
5969
5970
5970
5972
5972
5972
5974
5974
5975
5975
5977
5977
5977
5980
5983
5986
5987
5988
5989
5990
5990
5990
5991
5991
5992
5993
5995
5996
6000
6000
6001
6001
6001
6002
6003
6003
6003
6005
6009
6011
6011
6012
6012
6013
6013
6013
6014
6014
6014
6016
6017
6019
6020
6021
6021
6021
6021
6022
6025
6025
6027
6028
6028
6029
6031
6033
6035
6037
6038
6038
6040
6040
6042
6045
6046
6047
6047
6048
6048
6050
6051
6052
6053
6055
6056
6057
6057
6058
6060
6062
6062
6062
6065
6066
6068
6068
6070
6070
6071
6071
6073
6074
6077
6077
6078
6078
6078
6080
6081
6081
6081
6083
6083
6083
6083
6084
6087
6088
6089
6089
6089
6090
6093
6094
6094
6095
6095
6096
6096
6097
6097
6098
6099
6100
6101
6102
6103
6105
6106
6107
6108
6108
6110
6113
6114
6114
6117
6117
6118
6119
6119
6119
6119
6121
6123
6128
6128
6130
6131
6132
6132
6137
6139
6139
6139
6140
6141
6142
6144
6144
6144
6146
6148
6149
6149
6150
6152
6154
6155
6156
6158
6158
6159
6160
6162
6163
6163
6164
6165
6165
6165
6167
6168
6169
6169
6170
6171
6171
6173
6173
6176
6176
6177
6179
6180
6180
6180
6180
6183
6184
6184
6185
6188
6188
6189
6190
6192
6192
6193
6194
6195
6196
6197
6198
6201
6201
6202
6205
6206
6208
6210
6210
6210
6213
6216
6217
6219
6219
6220
6221
6221
6221
6221
6224
6226
6228
6228
6228
6229
6229
6230
6232
6234
6234
6235
6235
6236
6237
6238
6238
6238
6241
6243
6246
6247
6247
6250
6251
6251
6252
6252
6252
6253
6256
6256
6256
6256
6257
6257
6258
6258
6258
6259
6259
6263
6264
6264
6265
6266
6266
6266
6267
6267
6268
6269
6270
6272
6272
6274
6274
6275
6275
6275
6276
6276
6277
6277
6278
6279
6281
6282
6282
6282
6283
6283
6283
6284
6284
6284
6286
6287
6287
6288
6290
6291
6294
6295
6298
6299
6299
6299
6300
6300
6302
6305
6305
6305
6306
6307
6307
6307
6308
6308
6309
6309
6310
6311
6312
6313
6313
6315
6315
6315
6316
6317
6317
6317
6318
6319
6320
6321
6322
6323
6324
6324
6330
6330
6331
6331
6333
6334
6335
6335
6336
6338
6343
6343
6344
6344
6344
6344
6345
6348
6349
6349
6349
6349
6350
6350
6350
6351
6352
6353
6353
6355
6355
6357
6360
6361
6361
6361
6362
6362
6363
6365
6366
6368
6368
6368
6370
6372
6373
6373
6373
6376
6376
6376
6377
6378
6379
6379
6380
6381
6381
6386
6387
6389
6390
6391
6391
6395
6397
6397
6398
6399
6400
6401
6401
6402
6402
6404
6404
6404
6406
6406
6407
6407
6409
6409
6409
6410
6411
6415
6415
6415
6416
6419
6421
6422
6422
6423
6424
6424
6425
6425
6425
6425
6425
6426
6428
6429
6429
6431
6431
6432
6434
6434
6435
6442
6446
6446
6447
6447
6447
6448
6448
6452
6453
6455
6455
6456
6457
6457
6459
6459
6459
6462
6462
6463
6466
6467
6467
6467
6470
6470
6471
6471
6471
6473
6474
6474
6475
6477
6478
6478
6478
6479
6479
6480
6482
6482
6482
6482
6484
6487
6487
6488
6490
6490
6491
6491
6493
6494
6494
6494
6495
6498
6500
6500
6504
6504
6505
6508
6510
6511
6511
6512
6512
6513
6514
6515
6519
6519
6520
6521
6521
6521
6522
6522
6523
6524
6525
6525
6525
6527
6528
6529
6530
6530
6531
6532
6532
6533
6533
6540
6540
6542
6542
6543
6544
6544
6544
6546
6546
6548
6548
6549
6550
6552
6555
6556
6557
6558
6559
6561
6568
6568
6569
6569
6570
6570
6573
6574
6575
6577
6577
6578
6579
6581
6581
6582
6582
6583
6585
6586
6587
6589
6591
6592
6592
6594
6594
6595
6595
6595
6599
6600
6600
6601
6602
6603
6604
6606
6607
6607
6609
6611
6612
6613
6614
6614
6615
6615
6617
6619
6619
6619
6622
6624
6627
6629
6632
6632
6632
6635
6636
6638
6641
6642
6643
6643
6644
6644
6645
6647
6647
6648
6650
6650
6651
6652
6654
6655
6659
6661
6663
6664
6665
6671
6671
6671
6673
6673
6674
6675
6675
6678
6678
6678
6678
6679
6679
6679
6680
6681
6681
6681
6682
6682
6684
6684
6687
6687
6688
6689
6689
6691
6692
6696
6696
6698
6699
6700
6702
6702
6703
6704
6704
6705
6706
6708
6712
6713
6714
6714
6716
6716
6717
6717
6719
6721
6723
6723
6724
6727
6727
6729
6731
6732
6732
6734
6734
6734
6734
6734
6736
6736
6737
6737
6739
6739
6742
6742
6743
6744
6744
6746
6747
6753
6756
6756
6756
6757
6759
6759
6761
6761
6761
6763
6763
6763
6765
6766
6767
6767
6767
6768
6768
6769
6769
6770
6770
6770
6770
6773
6774
6775
6776
6777
6780
6781
6782
6782
6783
6783
6784
6786
6787
6788
6788
6788
6788
6789
6790
6791
6792
6793
6793
6796
6797
6798
6800
6801
6802
6802
6802
6803
6804
6806
6807
6807
6808
6809
6811
6812
6814
6815
6817
6817
6818
6821
6822
6823
6823
6824
6825
6826
6828
6829
6829
6831
6831
6832
6833
6833
6834
6834
6835
6835
6837
6838
6839
6841
6841
6842
6843
6844
6844
6847
6849
6851
6852
6854
6855
6856
6859
6859
6859
6861
6863
6863
6864
6866
6866
6867
6867
6868
6868
6869
6869
6869
6870
6871
6873
6873
6874
6875
6876
6878
6879
6879
6880
6881
6881
6882
6882
6883
6884
6885
6886
6887
6887
6889
6889
6890
6891
6892
6894
6896
6898
6900
6901
6904
6905
6905
6906
6906
6907
6907
6907
6907
6908
6909
6910
6910
6912
6913
6913
6914
6914
6915
6916
6916
6916
6917
6918
6918
6919
6919
6920
6921
6921
6922
6923
6924
6924
6925
6925
6926
6927
6928
6929
6931
6933
6933
6934
6934
6936
6938
6939
6940
6941
6941
6942
6943
6945
6946
6953
6954
6955
6958
6958
6960
6961
6962
6963
6964
6965
6968
6970
6971
6972
6975
6976
6976
6976
6976
6978
6979
6980
6980
6980
6982
6985
6986
6989
6989
6989
6990
6991
6992
6992
6993
6994
6994
6995
6995
6996
6996
6997
6998
6999
6999
7000
7001
7001
7004
7005
7005
7007
7008
7008
7013
7014
7015
7019
7020
7021
7021
7021
7021
7022
7025
7026
7026
7028
7031
7031
7031
7032
7032
7033
7035
7036
7039
7039
7042
7044
7047
7048
7048
7048
7048
7049
7050
7050
7051
7051
7052
7052
7053
7053
7055
7055
7056
7056
7056
7057
7058
7061
7063
7065
7065
7065
7067
7069
7069
7070
7071
7073
7073
7075
7075
7077
7081
7081
7082
7085
7086
7087
7088
7089
7089
7090
7090
7090
7091
7093
7094
7095
7096
7096
7096
7096
7100
7101
7104
7105
7105
7106
7108
7110
7111
7111
7111
7112
7113
7113
7115
7116
7119
7119
7120
7120
7122
7123
7124
7124
7124
7125
7125
7125
7125
7126
7126
7130
7130
7131
7131
7131
7132
7132
7132
7132
7133
7133
7133
7133
7135
7136
7139
7140
7140
7140
7140
7141
7143
7144
7144
7145
7146
7146
7146
7147
7147
7147
7147
7148
7149
7150
7152
7155
7156
7156
7158
7159
7159
7162
7166
7170
7170
7170
7171
7171
7172
7172
7173
7174
7175
7176
7176
7176
7177
7177
7177
7178
7178
7178
7179
7181
7182
7183
7185
7187
7187
7188
7189
7189
7189
7191
7193
7195
7195
7195
7198
7198
7199
7199
7199
7201
7201
7202
7202
7203
7207
7209
7209
7211
7211
7212
7214
7214
7216
7217
7218
7219
7220
7222
7222
7223
7227
7228
7229
7229
7229
7230
7230
7231
7231
7233
7234
7235
7236
7239
7241
7242
7243
7244
7244
7245
7245
7246
7246
7246
7246
7246
7246
7247
7248
7248
7249
7250
7251
7251
7252
7254
7254
7255
7256
7257
7257
7258
7259
7259
7259
7260
7262
7263
7264
7266
7266
7267
7269
7269
7272
7273
7273
7275
7277
7278
7278
7278
7280
7280
7283
7285
7290
7291
7291
7291
7291
7291
7292
7292
7292
7295
7295
7296
7296
7297
7297
7299
7299
7300
7301
7302
7305
7310
7312
7314
7314
7315
7316
7317
7318
7319
7320
7326
7327
7327
7327
7328
7329
7332
7333
7333
7334
7336
7337
7339
7340
7340
7341
7341
7342
7342
7343
7344
7344
7344
7345
7346
7349
7349
7349
7350
7353
7353
7354
7354
7355
7356
7356
7358
7361
7362
7362
7362
7362
7363
7365
7366
7367
7368
7370
7371
7371
7372
7372
7372
7372
7373
7375
7375
7376
7376
7378
7380
7380
7383
7384
7385
7387
7388
7388
7389
7392
7393
7394
7395
7396
7396
7397
7397
7398
7398
7399
7401
7401
7401
7403
7403
7404
7404
7404
7405
7405
7405
7407
7408
7411
7413
7413
7413
7414
7414
7414
7414
7415
7416
7417
7418
7420
7420
7420
7423
7424
7424
7424
7424
7427
7429
7433
7433
7434
7434
7436
7436
7438
7438
7438
7439
7441
7442
7443
7444
7447
7448
7448
7450
7452
7452
7453
7454
7454
7454
7455
7456
7457
7458
7459
7460
7460
7461
7461
7461
7462
7464
7464
7465
7465
7466
7467
7467
7469
7469
7470
7470
7470
7471
7473
7473
7474
7477
7478
7480
7481
7483
7484
7487
7488
7489
7489
7490
7491
7491
7492
7493
7494
7496
7499
7501
7501
7503
7504
7504
7505
7507
7511
7512
7514
7515
7515
7516
7517
7518
7520
7520
7520
7523
7523
7525
7526
7526
7527
7528
7529
7530
7531
7532
7533
7534
7534
7536
7536
7537
7537
7538
7540
7541
7541
7541
7541
7542
7544
7545
7546
7547
7549
7553
7553
7553
7556
7556
7558
7558
7558
7560
7560
7563
7563
7563
7564
7564
7565
7565
7565
7566
7567
7569
7572
7573
7575
7576
7577
7578
7578
7579
7581
7582
7584
7587
7587
7587
7589
7590
7590
7594
7597
7598
7598
7599
7599
7602
7602
7602
7603
7605
7606
7608
7608
7613
7613
7614
7614
7616
7617
7620
7620
7620
7620
7622
7622
7623
7626
7626
7626
7627
7628
7629
7631
7632
7635
7637
7638
7638
7638
7642
7643
7644
7644
7645
7645
7646
7647
7649
7649
7650
7651
7651
7653
7653
7654
7654
7654
7655
7655
7656
7656
7657
7658
7663
7663
7664
7667
7668
7669
7670
7672
7673
7673
7673
7674
7674
7676
7676
7677
7678
7678
7679
7680
7680
7680
7681
7682
7683
7684
7686
7687
7687
7688
7689
7689
7689
7690
7694
7695
7695
7697
7698
7699
7700
7700
7700
7701
7702
7703
7703
7705
7706
7706
7706
7708
7709
7709
7709
7711
7712
7714
7715
7718
7718
7718
7719
7719
7720
7720
7721
7721
7722
7722
7722
7722
7723
7724
7724
7725
7726
7727
7727
7728
7728
7728
7729
7730
7731
7733
7733
7734
7738
7739
7740
7740
7743
7743
7745
7745
7746
7748
7749
7750
7751
7752
7755
7755
7756
7756
7756
7757
7758
7762
7763
7763
7764
7764
7766
7767
7768
7769
7769
7770
7772
7774
7775
7776
7776
7777
7777
7778
7779
7779
7780
7786
7787
7788
7788
7789
7790
7791
7791
7793
7794
7795
7795
7796
7797
7797
7800
7800
7801
7802
7802
7802
7803
7804
7805
7805
7806
7807
7811
7812
7813
7813
7816
7816
7817
7817
7817
7817
7818
7819
7819
7819
7819
7819
7820
7820
7821
7822
7823
7823
7824
7824
7826
7826
7826
7827
7827
7829
7829
7831
7832
7832
7832
7833
7834
7834
7834
7834
7835
7835
7835
7835
7836
7839
7842
7844
7846
7848
7848
7849
7849
7850
7850
7851
7852
7853
7853
7853
7854
7856
7859
7859
7859
7859
7862
7863
7863
7864
7866
7866
7869
7869
7870
7871
7871
7875
7876
7876
7877
7877
7878
7878
7881
7882
7884
7884
7885
7886
7887
7887
7888
7889
7890
7894
7894
7895
7898
7899
7899
7902
7902
7905
7905
7905
7907
7907
7909
7909
7910
7911
7912
7913
7914
7915
7917
7917
7918
7920
7920
7920
7923
7924
7926
7926
7927
7928
7928
7930
7933
7934
7935
7936
7936
7936
7938
7938
7939
7939
7940
7942
7943
7944
7945
7945
7945
7948
7952
7954
7954
7956
7956
7957
7958
7958
7962
7970
7971
7971
7971
7972
7973
7974
7975
7975
7977
7977
7978
7978
7979
7980
7980
7980
7981
7982
7982
7985
7986
7987
7987
7990
7990
7990
7992
7992
7993
7993
7994
7994
7994
7995
8000
8001
8001
8002
8002
8002
8003
8008
8009
8011
8012
8015
8016
8018
8019
8021
8024
8024
8027
8028
8031
8032
8035
8036
8036
8037
8037
8038
8038
8038
8039
8041
8042
8042
8042
8043
8044
8045
8046
8046
8046
8047
8047
8047
8047
8047
8048
8048
8049
8052
8052
8052
8053
8055
8055
8056
8057
8057
8057
8057
8061
8061
8061
8063
8063
8064
8065
8066
8067
8071
8074
8075
8075
8075
8076
8077
8077
8078
8079
8079
8080
8080
8082
8083
8085
8085
8087
8089
8091
8091
8091
8091
8094
8095
8095
8095
8097
8101
8101
8101
8101
8102
8105
8106
8107
8107
8111
8112
8113
8114
8116
8116
8116
8116
8117
8117
8119
8121
8123
8123
8123
8124
8124
8124
8127
8128
8128
8128
8129
8132
8133
8135
8135
8136
8136
8136
8136
8140
8141
8142
8143
8145
8147
8148
8148
8149
8150
8152
8153
8154
8154
8154
8154
8155
8159
8160
8161
8161
8163
8164
8165
8168
8168
8169
8169
8170
8172
8172
8173
8173
8174
8175
8175
8175
8175
8176
8178
8179
8179
8180
8180
8180
8181
8182
8183
8184
8185
8185
8186
8186
8187
8188
8189
8190
8190
8193
8193
8194
8195
8196
8197
8197
8201
8202
8203
8204
8204
8205
8207
8208
8208
8210
8211
8212
8212
8213
8213
8213
8214
8216
8216
8217
8217
8220
8221
8221
8223
8224
8224
8225
8227
8227
8229
8229
8229
8231
8231
8232
8233
8234
8235
8235
8236
8237
8238
8239
8240
8242
8243
8245
8247
8248
8248
8248
8249
8249
8250
8252
8252
8255
8256
8256
8257
8257
8258
8259
8259
8260
8264
8266
8268
8269
8272
8272
8272
8273
8275
8276
8276
8277
8278
8278
8279
8279
8281
8282
8284
8286
8288
8292
8292
8294
8295
8297
8297
8298
8298
8300
8300
8302
8303
8303
8304
8305
8305
8308
8308
8309
8309
8309
8310
8311
8312
8314
8315
8315
8316
8316
8316
8318
8319
8320
8325
8326
8326
8331
8331
8331
8332
8333
8334
8334
8334
8335
8340
8342
8342
8343
8345
8347
8349
8349
8349
8350
8351
8353
8353
8353
8354
8355
8356
8357
8358
8358
8358
8359
8359
8360
8362
8363
8364
8365
8367
8368
8369
8370
8370
8370
8371
8371
8372
8372
8373
8373
8374
8375
8377
8377
8377
8377
8379
8379
8379
8380
8383
8383
8383
8385
8385
8385
8386
8387
8387
8388
8390
8391
8392
8393
8393
8393
8394
8394
8396
8396
8398
8400
8400
8401
8402
8403
8403
8404
8405
8407
8407
8408
8409
8410
8416
8416
8416
8416
8417
8417
8418
8418
8418
8419
8419
8421
8422
8423
8424
8424
8426
8427
8427
8429
8430
8433
8433
8436
8437
8437
8437
8439
8441
8443
8443
8443
8444
8445
8449
8452
8453
8453
8453
8453
8454
8454
8456
8457
8459
8460
8464
8464
8464
8465
8466
8466
8466
8467
8468
8470
8472
8473
8474
8475
8476
8476
8478
8479
8482
8483
8484
8485
8485
8486
8487
8490
8490
8491
8491
8494
8494
8495
8495
8495
8496
8498
8500
8501
8501
8501
8502
8502
8505
8505
8505
8506
8506
8507
8508
8509
8510
8511
8512
8512
8513
8513
8515
8515
8517
8517
8518
8519
8520
8520
8522
8522
8526
8526
8527
8527
8529
8531
8531
8532
8532
8534
8534
8534
8536
8536
8538
8538
8538
8540
8542
8544
8545
8545
8547
8548
8548
8548
8548
8548
8550
8550
8554
8555
8555
8555
8556
8556
8558
8559
8560
8561
8561
8562
8565
8566
8566
8567
8567
8568
8569
8570
8574
8576
8580
8581
8583
8583
8584
8584
8585
8586
8587
8588
8589
8589
8590
8592
8593
8595
8595
8596
8596
8596
8597
8597
8599
8603
8604
8604
8604
8604
8605
8606
8606
8608
8610
8610
8611
8612
8612
8613
8615
8615
8618
8618
8620
8620
8623
8624
8624
8624
8630
8630
8630
8631
8633
8634
8636
8638
8639
8639
8639
8640
8640
8640
8642
8643
8643
8647
8649
8649
8651
8654
8655
8656
8656
8657
8661
8664
8666
8667
8667
8668
8669
8672
8672
8673
8673
8674
8674
8674
8674
8675
8680
8681
8682
8683
8684
8685
8685
8687
8687
8689
8692
8692
8694
8694
8695
8695
8695
8699
8699
8701
8701
8701
8702
8702
8703
8704
8705
8705
8705
8705
8706
8708
8708
8710
8711
8712
8713
8715
8715
8716
8717
8718
8718
8719
8720
8720
8723
8724
8726
8726
8727
8727
8728
8728
8728
8728
8729
8729
8731
8731
8732
8732
8733
8734
8736
8736
8738
8739
8740
8740
8740
8741
8743
8744
8746
8746
8746
8747
8747
8747
8748
8748
8749
8750
8751
8752
8753
8754
8760
8761
8761
8762
8762
8764
8764
8765
8767
8767
8767
8769
8772
8772
8773
8774
8774
8775
8777
8778
8778
8778
8778
8784
8785
8786
8786
8786
8787
8787
8790
8791
8792
8794
8795
8797
8797
8798
8798
8798
8799
8801
8801
8803
8803
8804
8805
8806
8807
8807
8808
8811
8811
8812
8813
8814
8814
8815
8817
8817
8818
8821
8822
8823
8823
8828
8829
8829
8832
8834
8835
8836
8836
8837
8837
8839
8839
8841
8841
8841
8843
8844
8844
8846
8847
8848
8849
8851
8852
8852
8852
8853
8854
8855
8857
8857
8857
8858
8858
8859
8859
8859
8860
8862
8862
8862
8863
8864
8865
8866
8867
8867
8867
8868
8869
8869
8870
8870
8871
8873
8873
8874
8875
8875
8875
8876
8879
8881
8881
8881
8882
8882
8882
8884
8884
8885
8886
8888
8889
8890
8891
8891
8892
8892
8892
8893
8894
8894
8895
8896
8896
8897
8899
8900
8901
8902
8904
8904
8904
8904
8904
8905
8905
8906
8906
8910
8911
8911
8913
8914
8914
8914
8916
8919
8921
8921
8922
8923
8923
8924
8924
8925
8925
8927
8927
8928
8929
8931
8931
8934
8935
8936
8937
8939
8941
8943
8944
8944
8945
8948
8948
8949
8953
8954
8954
8956
8957
8959
8960
8962
8962
8962
8963
8964
8966
8966
8968
8969
8969
8970
8970
8974
8974
8975
8978
8978
8979
8980
8981
8981
8982
8983
8984
8986
8989
8989
8990
8990
8991
8993
8994
8994
8994
8995
8996
8996
8997
8998
8999
9000
9000
9003
9005
9006
9008
9010
9012
9013
9016
9016
9018
9018
9020
9020
9022
9022
9022
9023
9025
9026
9027
9027
9029
9030
9033
9034
9035
9035
9037
9040
9040
9040
9040
9040
9041
9041
9042
9043
9043
9043
9044
9044
9045
9045
9045
9046
9047
9048
9049
9050
9051
9051
9052
9053
9053
9054
9054
9055
9058
9062
9063
9064
9064
9064
9065
9066
9067
9068
9071
9072
9072
9074
9075
9075
9075
9077
9078
9079
9081
9082
9085
9085
9085
9086
9086
9086
9087
9087
9088
9088
9090
9091
9092
9092
9092
9092
9092
9097
9097
9098
9098
9100
9103
9103
9103
9103
9103
9105
9105
9107
9110
9110
9112
9114
9116
9117
9119
9120
9120
9120
9124
9124
9126
9127
9127
9129
9132
9132
9132
9138
9138
9138
9140
9140
9141
9141
9143
9143
9143
9147
9149
9150
9153
9154
9155
9155
9156
9156
9157
9157
9159
9160
9162
9162
9164
9165
9166
9167
9171
9171
9173
9173
9176
9178
9179
9181
9182
9183
9183
9184
9184
9184
9185
9186
9186
9187
9187
9188
9192
9192
9194
9194
9195
9195
9198
9198
9199
9200
9200
9201
9202
9203
9204
9206
9208
9208
9208
9208
9210
9210
9211
9212
9212
9215
9216
9217
9217
9219
9223
9224
9225
9226
9226
9227
9228
9230
9236
9236
9237
9239
9242
9246
9248
9249
9250
9252
9252
9252
9253
9254
9255
9255
9256
9256
9260
9261
9263
9263
9263
9263
9263
9264
9265
9266
9266
9268
9269
9269
9270
9273
9275
9275
9275
9276
9278
9279
9279
9282
9282
9282
9283
9283
9284
9286
9286
9287
9287
9288
9290
9292
9294
9294
9295
9296
9296
9298
9299
9300
9301
9302
9303
9303
9304
9305
9305
9305
9305
9305
9306
9306
9306
9307
9310
9311
9312
9317
9318
9319
9319
9320
9321
9321
9323
9323
9325
9325
9325
9326
9328
9329
9330
9330
9332
9333
9334
9335
9335
9337
9339
9340
9340
9341
9341
9343
9343
9344
9345
9345
9347
9347
9348
9348
9350
9353
9354
9354
9356
9357
9359
9359
9360
9360
9361
9362
9362
9364
9364
9364
9364
9365
9365
9367
9367
9368
9368
9368
9369
9369
9370
9370
9371
9371
9373
9373
9373
9373
9376
9379
9383
9384
9386
9386
9386
9387
9391
9392
9393
9393
9394
9398
9398
9399
9399
9401
9403
9404
9406
9406
9407
9407
9410
9410
9411
9413
9413
9414
9415
9416
9418
9418
9419
9420
9420
9421
9422
9423
9424
9426
9428
9429
9429
9431
9431
9431
9435
9435
9436
9437
9437
9439
9440
9440
9442
9442
9443
9444
9446
9447
9448
9448
9449
9449
9449
9450
9451
9451
9451
9452
9453
9453
9455
9455
9456
9457
9457
9458
9462
9462
9463
9464
9467
9469
9469
9470
9471
9471
9474
9474
9476
9476
9476
9477
9478
9478
9482
9483
9485
9488
9490
9491
9491
9491
9492
9493
9493
9494
9495
9495
9496
9496
9499
9500
9500
9500
9502
9506
9507
9508
9509
9509
9509
9511
9511
9512
9513
9513
9515
9515
9516
9516
9516
9517
9519
9520
9520
9520
9520
9520
9521
9521
9522
9523
9523
9525
9526
9528
9530
9530
9531
9531
9531
9533
9533
9533
9534
9534
9534
9536
9536
9539
9539
9539
9541
9542
9543
9543
9544
9544
9544
9545
9546
9546
9547
9547
9548
9548
9550
9553
9554
9557
9557
9559
9559
9559
9562
9562
9562
9563
9564
9564
9565
9569
9569
9569
9571
9572
9573
9574
9575
9577
9577
9579
9579
9581
9582
9582
9584
9586
9588
9588
9588
9588
9588
9590
9591
9591
9593
9593
9594
9594
9595
9595
9596
9597
9598
9598
9600
9600
9601
9601
9604
9606
9606
9606
9606
9607
9608
9608
9609
9611
9613
9613
9613
9615
9615
9616
9620
9621
9621
9622
9623
9633
9636
9637
9638
9639
9640
9640
9642
9645
9645
9645
9646
9648
9648
9649
9650
9650
9651
9651
9652
9652
9653
9653
9655
9657
9657
9657
9659
9659
9660
9660
9664
9664
9665
9666
9667
9667
9667
9669
9670
9670
9671
9672
9672
9673
9673
9674
9677
9677
9678
9679
9679
9680
9680
9681
9683
9684
9686
9689
9689
9691
9691
9691
9691
9691
9692
9693
9694
9695
9696
9696
9698
9699
9701
9703
9703
9705
9705
9705
9708
9711
9714
9714
9714
9715
9718
9718
9719
9720
9720
9721
9722
9723
9723
9724
9724
9725
9725
9725
9727
9728
9729
9731
9731
9733
9734
9735
9736
9736
9736
9738
9738
9739
9740
9741
9744
9744
9744
9745
9746
9747
9747
9747
9748
9748
9749
9749
9750
9750
9751
9753
9756
9759
9761
9762
9764
9764
9764
9765
9765
9765
9766
9768
9769
9771
9771
9773
9773
9774
9775
9775
9775
9776
9780
9780
9785
9785
9786
9787
9788
9788
9789
9790
9791
9791
9791
9792
9793
9794
9795
9796
9799
9799
9801
9802
9802
9803
9803
9804
9804
9804
9805
9806
9806
9808
9808
9810
9810
9810
9811
9814
9816
9816
9818
9820
9821
9821
9822
9823
9825
9826
9827
9827
9827
9827
9828
9828
9828
9831
9832
9834
9834
9835
9835
9836
9836
9837
9837
9837
9838
9838
9839
9839
9843
9843
9843
9847
9849
9849
9850
9851
9853
9853
9853
9856
9856
9858
9858
9859
9859
9860
9861
9862
9862
9863
9864
9865
9865
9866
9867
9867
9867
9867
9868
9869
9870
9870
9870
9870
9872
9874
9875
9879
9879
9879
9882
9882
9882
9882
9883
9885
9886
9886
9886
9888
9889
9891
9891
9891
9891
9893
9893
9893
9893
9894
9895
9896
9896
9897
9898
9900
9900
9900
9904
9904
9905
9906
9906
9907
9907
9907
9909
9911
9911
9912
9914
9916
9918
9918
9919
9919
9921
9922
9922
9923
9924
9924
9926
9927
9927
9928
9929
9929
9930
9930
9931
9931
9931
9933
9933
9937
9937
9938
9939
9939
9940
9941
9941
9941
9942
9942
9942
9943
9944
9946
9946
9947
9948
9949
9951
9952
9953
9954
9955
9955
9955
9957
9958
9961
9963
9966
9968
9968
9969
9970
9970
9970
9970
9970
9971
9971
9973
9973
9974
9975
9979
9980
9981
9981
9982
9983
9984
9985
9986
9987
9989
9989
9990
9991
9991
9992
9993
9994
9995
9996
9996
9996
9998
10000
10000
10000
