Time for Pass 1: 0
0
1
2
4
6
10
10
11
12
12
13
13
14
15
16
17
17
17
18
21
23
26
26
28
30
32
33
35
39
39
39
40
43
43
44
44
44
45
45
46
48
49
50
50
51
52
54
56
56
57
57
58
58
58
60
62
62
63
64
67
67
68
74
75
75
76
77
77
78
78
79
79
80
81
82
83
84
84
84
85
86
87
88
88
88
89
91
91
92
96
96
96
97
98
103
103
105
105
106
106
106
110
115
115
115
115
116
117
117
118
119
120
120
120
121
121
122
123
124
124
125
127
127
127
128
129
130
130
131
131
131
133
134
134
136
137
137
137
137
138
139
140
143
144
145
146
146
147
149
149
150
151
153
154
155
156
156
157
158
161
161
162
163
166
167
169
170
172
172
172
173
173
173
174
175
177
177
178
178
179
179
180
181
181
182
183
184
185
186
190
191
192
192
193
194
195
195
196
197
197
197
197
197
199
199
200
201
201
202
204
204
207
209
211
213
216
217
217
219
219
220
222
222
222
224
225
226
228
228
228
228
228
232
233
234
236
236
237
238
238
239
240
240
241
241
244
244
244
246
249
250
251
252
254
255
257
258
258
259
259
260
260
261
264
264
265
265
267
267
269
269
270
275
275
276
277
280
282
282
283
283
283
284
285
286
286
287
288
288
290
292
292
293
295
296
297
299
301
302
305
306
306
307
307
310
311
314
315
315
316
317
317
318
319
320
322
323
324
325
326
327
327
327
327
328
329
331
331
333
334
335
336
336
338
339
342
343
343
344
345
349
349
350
352
352
353
353
354
354
356
357
358
358
358
359
360
360
361
361
361
362
364
365
367
369
369
370
371
371
371
375
375
376
377
378
379
379
380
383
390
390
390
390
392
395
396
398
400
400
400
401
404
405
405
405
406
407
407
408
408
409
409
411
412
412
412
415
416
416
416
416
416
417
417
418
418
419
421
422
424
424
427
428
428
430
430
432
432
433
435
436
437
437
437
438
439
439
441
443
444
445
446
447
450
450
450
450
453
454
455
455
457
462
462
464
464
466
469
472
473
474
474
475
475
475
475
476
476
478
479
480
480
481
481
483
484
486
487
487
489
490
494
495
498
499
502
502
503
504
504
505
507
510
513
514
515
515
515
515
516
516
517
518
519
520
521
522
524
524
524
525
525
525
526
526
526
527
529
530
530
531
532
533
533
534
536
537
539
540
542
542
543
543
544
545
545
546
547
547
548
550
550
551
551
551
551
552
554
556
556
557
558
559
559
560
561
562
562
562
565
566
567
568
569
570
571
573
575
575
579
579
579
581
582
583
585
586
586
587
589
589
589
590
590
591
591
591
593
594
595
597
598
599
600
600
600
601
603
603
603
604
604
604
604
604
605
606
607
608
611
611
612
612
613
613
614
615
616
617
618
623
624
626
626
626
627
629
629
630
631
640
640
641
643
643
643
643
644
644
645
646
646
646
652
653
655
656
657
660
661
661
661
661
662
666
666
667
668
670
670
672
678
680
682
684
684
684
686
686
687
689
689
690
690
691
692
693
693
693
694
696
697
702
706
707
709
710
711
713
713
715
715
716
717
719
720
721
722
722
723
725
727
727
727
728
728
731
732
734
734
735
736
738
739
739
740
742
742
742
743
744
745
745
746
747
748
752
754
755
755
755
755
757
757
760
762
763
764
764
764
764
765
765
765
767
770
771
772
772
773
774
776
777
777
779
780
781
782
783
784
784
784
784
786
786
787
787
788
788
788
789
789
791
792
792
794
794
794
796
796
796
797
797
797
798
798
799
799
801
802
802
803
804
804
804
804
808
808
809
812
813
814
814
815
817
818
820
820
820
821
822
822
823
824
825
828
830
830
831
832
836
837
838
839
840
843
845
848
849
851
851
852
852
852
853
854
855
856
856
857
857
858
858
859
860
861
861
862
863
863
865
865
867
867
868
868
871
871
871
871
872
872
874
876
876
876
878
879
880
882
883
884
884
885
885
886
886
886
887
887
888
889
890
890
891
891
893
895
896
898
899
900
901
902
903
903
906
906
906
907
909
909
909
911
911
912
912
912
913
915
915
917
918
920
920
922
922
922
926
926
927
927
927
929
930
931
933
938
938
939
939
940
941
941
943
943
943
945
946
948
950
951
956
956
956
957
958
958
959
959
961
962
963
965
965
969
970
970
973
974
974
975
976
976
978
978
979
983
986
986
987
987
989
989
990
992
992
992
993
995
995
996
996
997
997
998
998
1000
1002
1002
1002
1002
1002
1005
1005
1005
1005
1007
1007
1008
1009
1010
1011
1011
1012
1012
1016
1017
1019
1019
1023
1023
1026
1026
1029
1030
1032
1032
1033
1033
1033
1034
1037
1037
1037
1041
1041
1042
1043
1043
1043
1044
1044
1044
1045
1046
1047
1048
1050
1051
1051
1052
1052
1053
1054
1054
1054
1054
1055
1058
1059
1060
1065
1066
1067
1067
1068
1069
1072
1072
1074
1075
1076
1077
1078
1078
1080
1081
1082
1083
1085
1086
1086
1088
1089
1091
1094
1100
1100
1100
1101
1102
1102
1103
1104
1104
1105
1106
1106
1107
1110
1110
1111
1111
1113
1113
1114
1114
1114
1115
1116
1117
1119
1119
1119
1121
1122
1123
1123
1126
1126
1127
1128
1129
1129
1129
1130
1130
1131
1132
1133
1133
1134
1134
1135
1136
1136
1137
1137
1138
1138
1144
1145
1145
1147
1147
1148
1148
1148
1150
1153
1156
1156
1158
1159
1160
1161
1162
1164
1165
1166
1167
1170
1171
1175
1175
1177
1179
1180
1183
1185
1186
1186
1186
1187
1189
1189
1190
1190
1192
1192
1193
1193
1193
1194
1195
1196
1198
1198
1199
1200
1201
1201
1202
1203
1203
1203
1203
1205
1206
1207
1207
1207
1208
1208
1208
1209
1211
1212
1213
1215
1215
1215
1215
1215
1217
1217
1217
1218
1218
1218
1221
1222
1224
1224
1226
1227
1230
1230
1231
1234
1235
1236
1237
1237
1238
1238
1239
1239
1240
1241
1241
1242
1242
1246
1247
1247
1248
1248
1248
1250
1250
1251
1253
1254
1255
1255
1256
1257
1258
1259
1261
1261
1267
1267
1268
1270
1271
1271
1271
1272
1272
1273
1274
1274
1276
1277
1277
1277
1280
1280
1280
1281
1283
1283
1283
1283
1286
1286
1287
1287
1288
1288
1290
1291
1291
1291
1293
1295
1295
1295
1296
1296
1297
1298
1300
1300
1300
1302
1303
1304
1304
1305
1305
1306
1306
1309
1310
1310
1311
1311
1311
1312
1312
1313
1313
1313
1313
1313
1313
1314
1315
1316
1316
1318
1318
1319
1320
1321
1322
1323
1323
1325
1325
1326
1327
1327
1328
1329
1329
1330
1331
1333
1333
1338
1339
1340
1340
1340
1341
1347
1347
1347
1348
1348
1348
1351
1351
1353
1354
1355
1356
1356
1357
1358
1358
1358
1359
1362
1362
1363
1363
1363
1366
1367
1368
1370
1371
1372
1373
1373
1373
1375
1375
1375
1376
1376
1379
1379
1380
1381
1382
1384
1387
1390
1391
1396
1397
1397
1397
1400
1401
1403
1404
1405
1406
1406
1411
1412
1412
1412
1415
1415
1416
1416
1417
1418
1418
1419
1423
1424
1424
1424
1428
1430
1430
1432
1432
1433
1434
1435
1435
1439
1441
1442
1442
1443
1444
1445
1447
1448
1448
1449
1450
1451
1454
1455
1455
1455
1455
1456
1456
1457
1458
1459
1462
1464
1464
1465
1466
1466
1466
1466
1470
1471
1472
1473
1473
1475
1476
1477
1479
1484
1484
1486
1488
1488
1488
1488
1489
1489
1490
1491
1491
1492
1492
1492
1492
1496
1498
1499
1500
1501
1501
1502
1503
1503
1505
1506
1506
1507
1508
1508
1508
1510
1513
1514
1516
1520
1520
1523
1524
1524
1525
1526
1526
1527
1527
1528
1529
1530
1530
1531
1532
1533
1534
1535
1538
1538
1539
1540
1541
1541
1542
1543
1544
1544
1546
1547
1548
1548
1549
1550
1550
1551
1552
1553
1553
1554
1555
1555
1557
1557
1561
1561
1563
1564
1565
1565
1566
1566
1566
1569
1570
1572
1574
1576
1577
1578
1578
1578
1578
1583
1585
1594
1595
1596
1596
1598
1599
1599
1600
1600
1601
1601
1604
1605
1608
1609
1610
1611
1611
1611
1614
1615
1616
1616
1617
1617
1617
1618
1619
1620
1624
1625
1626
1626
1626
1627
1628
1628
1628
1630
1631
1632
1633
1634
1634
1635
1635
1636
1638
1638
1638
1638
1639
1640
1642
1644
1644
1645
1646
1646
1647
1648
1649
1650
1651
1652
1652
1653
1654
1655
1655
1656
1657
1658
1659
1659
1660
1662
1663
1663
1664
1664
1665
1667
1668
1668
1668
1669
1672
1672
1673
1674
1674
1675
1676
1677
1677
1678
1680
1681
1682
1682
1683
1684
1685
1686
1687
1688
1688
1688
1689
1689
1690
1690
1690
1690
1692
1692
1692
1692
1695
1697
1698
1699
1699
1699
1701
1705
1707
1708
1708
1710
1713
1713
1714
1714
1715
1715
1716
1718
1722
1722
1723
1724
1726
1727
1727
1728
1729
1729
1730
1731
1731
1732
1733
1733
1734
1734
1736
1737
1740
1741
1741
1742
1742
1742
1743
1743
1744
1744
1745
1745
1748
1748
1748
1748
1749
1749
1749
1751
1751
1752
1755
1758
1758
1758
1759
1761
1761
1761
1761
1762
1763
1763
1764
1765
1766
1769
1769
1770
1770
1772
1775
1777
1781
1782
1783
1783
1783
1785
1789
1793
1794
1794
1795
1795
1795
1795
1796
1797
1797
1797
1798
1798
1798
1802
1802
1804
1805
1806
1808
1808
1809
1810
1810
1811
1812
1814
1815
1817
1819
1821
1821
1822
1823
1825
1825
1828
1829
1830
1830
1831
1831
1832
1832
1834
1834
1835
1836
1836
1837
1838
1839
1839
1839
1840
1842
1843
1843
1844
1845
1845
1846
1848
1849
1849
1849
1850
1850
1851
1852
1852
1854
1854
1855
1855
1855
1855
1856
1858
1858
1860
1861
1861
1863
1865
1865
1868
1872
1873
1873
1873
1873
1874
1874
1876
1877
1877
1878
1878
1881
1883
1885
1885
1886
1889
1890
1890
1890
1891
1892
1892
1893
1894
1895
1896
1896
1896
1897
1898
1899
1902
1903
1903
1904
1905
1907
1908
1908
1908
1913
1914
1915
1915
1916
1918
1920
1920
1921
1926
1928
1928
1930
1931
1932
1932
1933
1933
1933
1933
1935
1935
1936
1937
1938
1939
1939
1941
1943
1943
1944
1944
1946
1948
1948
1950
1950
1952
1956
1956
1956
1958
1958
1959
1961
1961
1961
1962
1963
1963
1964
1966
1966
1967
1970
1970
1971
1972
1972
1973
1973
1974
1975
1980
1981
1982
1983
1984
1984
1985
1986
1986
1988
1988
1990
1991
1991
1991
1991
1992
1992
1993
1994
1994
1995
1996
1997
2003
2008
2008
2009
2009
2010
2011
2012
2014
2016
2018
2020
2020
2021
2022
2024
2024
2026
2027
2027
2027
2028
2029
2030
2030
2032
2033
2033
2035
2035
2035
2036
2037
2038
2042
2042
2044
2047
2049
2049
2050
2051
2053
2053
2056
2056
2057
2057
2057
2058
2059
2061
2062
2064
2064
2066
2066
2068
2068
2071
2071
2072
2073
2074
2075
2079
2080
2080
2081
2082
2083
2084
2085
2086
2090
2091
2092
2094
2095
2095
2095
2096
2097
2099
2100
2100
2100
2101
2101
2101
2104
2105
2107
2107
2108
2111
2111
2112
2113
2114
2114
2115
2116
2116
2118
2118
2119
2119
2120
2121
2123
2123
2126
2129
2131
2131
2132
2133
2133
2135
2135
2137
2139
2140
2143
2144
2145
2146
2146
2149
2152
2154
2157
2158
2158
2159
2159
2159
2159
2160
2162
2162
2162
2163
2163
2163
2164
2164
2165
2166
2166
2167
2168
2170
2171
2171
2172
2174
2175
2175
2176
2176
2177
2177
2177
2179
2180
2181
2183
2184
2187
2188
2189
2189
2190
2192
2194
2195
2201
2201
2201
2201
2205
2208
2208
2209
2211
2211
2212
2215
2215
2215
2216
2216
2216
2216
2217
2220
2220
2221
2221
2222
2222
2223
2223
2223
2227
2227
2228
2228
2229
2230
2230
2231
2232
2233
2233
2233
2234
2234
2235
2235
2235
2237
2239
2239
2239
2240
2241
2241
2243
2244
2244
2248
2248
2248
2250
2250
2250
2251
2253
2254
2254
2254
2254
2259
2262
2263
2264
2268
2269
2272
2272
2276
2276
2277
2279
2280
2283
2285
2285
2286
2287
2289
2289
2291
2294
2295
2296
2297
2298
2298
2299
2299
2299
2300
2301
2301
2302
2302
2303
2305
2305
2306
2307
2309
2309
2310
2311
2312
2314
2314
2316
2316
2317
2317
2318
2319
2319
2319
2320
2320
2321
2322
2324
2324
2325
2325
2328
2329
2329
2330
2331
2332
2333
2333
2334
2335
2335
2338
2338
2338
2338
2340
2341
2343
2343
2343
2344
2344
2344
2344
2345
2346
2347
2347
2348
2348
2348
2349
2349
2354
2354
2354
2355
2355
2358
2359
2365
2366
2367
2368
2372
2375
2377
2378
2380
2380
2380
2380
2381
2383
2386
2386
2387
2390
2390
2390
2391
2392
2395
2395
2395
2396
2397
2397
2398
2398
2403
2403
2408
2409
2411
2412
2412
2415
2416
2421
2422
2422
2424
2424
2426
2427
2428
2431
2435
2435
2436
2438
2440
2441
2442
2442
2444
2444
2444
2447
2449
2450
2450
2453
2453
2454
2455
2457
2458
2459
2459
2460
2463
2464
2466
2466
2470
2470
2470
2470
2471
2471
2473
2474
2475
2480
2481
2481
2482
2483
2483
2485
2486
2487
2488
2492
2493
2493
2493
2493
2493
2493
2493
2494
2496
2496
2496
2496
2496
2497
2500
2500
2501
2501
2502
2506
2506
2507
2510
2514
2518
2519
2519
2520
2521
2525
2526
2527
2528
2529
2531
2533
2534
2536
2537
2538
2540
2541
2541
2541
2541
2542
2542
2544
2545
2546
2550
2550
2551
2551
2552
2552
2555
2557
2557
2557
2557
2557
2558
2559
2560
2562
2563
2563
2566
2568
2568
2569
2572
2573
2574
2574
2575
2576
2578
2578
2580
2581
2582
2583
2583
2584
2584
2584
2585
2585
2586
2587
2588
2590
2591
2591
2593
2595
2595
2596
2597
2598
2599
2600
2600
2600
2600
2602
2602
2602
2603
2605
2606
2606
2607
2607
2611
2614
2615
2615
2615
2616
2619
2619
2619
2620
2621
2623
2624
2624
2624
2625
2626
2627
2627
2629
2630
2631
2632
2633
2634
2634
2634
2637
2639
2639
2640
2640
2641
2642
2643
2643
2648
2648
2651
2652
2652
2653
2653
2655
2657
2657
2658
2658
2659
2660
2660
2661
2661
2662
2663
2663
2665
2666
2666
2667
2668
2669
2670
2671
2672
2672
2673
2675
2676
2677
2678
2678
2679
2682
2682
2685
2687
2693
2694
2696
2699
2699
2699
2700
2701
2701
2701
2704
2704
2705
2706
2706
2707
2707
2707
2707
2708
2708
2708
2710
2710
2710
2711
2711
2713
2714
2717
2717
2718
2719
2720
2721
2723
2723
2724
2725
2725
2725
2726
2726
2728
2730
2730
2731
2731
2732
2732
2734
2736
2737
2738
2738
2741
2743
2744
2744
2745
2745
2746
2747
2748
2751
2751
2752
2752
2754
2755
2755
2756
2756
2759
2759
2760
2760
2761
2762
2762
2763
2764
2764
2765
2765
2765
2766
2767
2767
2767
2768
2768
2769
2770
2772
2774
2774
2775
2777
2778
2779
2779
2782
2784
2786
2786
2786
2787
2787
2788
2789
2790
2791
2791
2791
2792
2795
2795
2796
2797
2797
2799
2799
2800
2801
2803
2804
2804
2805
2805
2807
2807
2807
2807
2809
2810
2810
2810
2810
2811
2812
2813
2814
2815
2815
2815
2817
2819
2819
2819
2822
2822
2825
2830
2830
2832
2832
2832
2833
2835
2835
2835
2835
2836
2837
2839
2839
2841
2841
2843
2844
2845
2847
2847
2848
2848
2850
2851
2852
2854
2854
2855
2857
2858
2859
2859
2861
2865
2869
2870
2872
2875
2877
2877
2879
2881
2881
2882
2882
2884
2885
2885
2887
2887
2888
2889
2889
2890
2890
2891
2892
2892
2894
2895
2896
2897
2898
2899
2900
2901
2904
2904
2904
2907
2909
2910
2910
2911
2911
2911
2913
2914
2914
2914
2916
2918
2919
2919
2920
2923
2924
2926
2926
2927
2927
2928
2929
2929
2929
2930
2931
2932
2932
2933
2934
2934
2939
2939
2940
2941
2941
2943
2944
2945
2947
2951
2952
2952
2954
2954
2955
2955
2958
2959
2959
2959
2960
2961
2962
2963
2964
2966
2969
2970
2970
2970
2973
2975
2977
2978
2978
2980
2982
2983
2984
2985
2986
2986
2986
2987
2988
2988
2989
2990
2991
2991
2992
2992
2993
2993
2995
2997
2998
2999
2999
2999
3003
3005
3007
3008
3008
3009
3009
3010
3013
3013
3014
3015
3017
3018
3019
3019
3021
3022
3022
3024
3024
3028
3028
3031
3032
3032
3034
3035
3038
3042
3044
3044
3045
3046
3047
3047
3048
3049
3049
3049
3050
3050
3050
3051
3051
3055
3058
3058
3059
3060
3060
3062
3062
3063
3063
3063
3064
3065
3066
3066
3068
3069
3072
3073
3073
3073
3073
3077
3077
3077
3078
3079
3081
3083
3083
3085
3087
3088
3088
3089
3090
3091
3092
3093
3094
3095
3097
3097
3097
3099
3101
3102
3102
3103
3104
3104
3105
3105
3107
3108
3109
3112
3112
3112
3112
3113
3113
3113
3114
3114
3116
3118
3119
3120
3120
3120
3121
3122
3123
3124
3125
3125
3125
3126
3127
3127
3129
3130
3131
3131
3133
3136
3136
3136
3137
3139
3139
3140
3144
3146
3146
3148
3149
3149
3150
3151
3152
3153
3155
3156
3156
3157
3157
3159
3159
3159
3161
3168
3169
3178
3180
3180
3181
3182
3183
3184
3185
3185
3186
3187
3187
3187
3189
3190
3192
3192
3192
3195
3195
3195
3196
3196
3197
3198
3198
3199
3199
3199
3199
3200
3202
3203
3204
3204
3206
3207
3208
3208
3210
3211
3211
3212
3214
3215
3216
3217
3219
3221
3222
3222
3222
3222
3222
3223
3223
3225
3227
3227
3227
3228
3229
3229
3231
3231
3232
3232
3232
3234
3235
3236
3236
3236
3237
3238
3240
3241
3241
3242
3242
3243
3243
3245
3245
3247
3248
3249
3250
3251
3251
3252
3252
3254
3255
3255
3255
3256
3256
3257
3260
3261
3261
3261
3262
3263
3264
3265
3266
3266
3267
3268
3269
3270
3271
3271
3271
3275
3276
3277
3279
3284
3284
3284
3285
3287
3288
3289
3290
3290
3290
3291
3292
3294
3294
3297
3299
3300
3300
3301
3301
3302
3303
3303
3304
3305
3305
3305
3306
3308
3309
3310
3311
3312
3313
3313
3315
3315
3315
3318
3321
3322
3323
3324
3324
3325
3327
3327
3328
3328
3329
3330
3330
3330
3330
3332
3336
3337
3338
3340
3342
3342
3346
3346
3347
3349
3350
3350
3351
3351
3352
3352
3352
3352
3352
3353
3353
3354
3354
3355
3356
3358
3359
3362
3363
3363
3363
3364
3364
3366
3366
3366
3367
3368
3368
3369
3370
3372
3375
3378
3378
3378
3378
3379
3380
3380
3380
3381
3381
3381
3382
3383
3388
3391
3392
3393
3394
3396
3397
3398
3398
3398
3398
3401
3405
3407
3407
3408
3408
3409
3409
3411
3411
3413
3413
3418
3419
3420
3421
3421
3423
3423
3424
3426
3428
3429
3430
3430
3432
3433
3434
3436
3437
3437
3439
3441
3442
3443
3444
3445
3446
3446
3449
3452
3453
3453
3454
3457
3458
3459
3461
3463
3464
3465
3470
3471
3471
3473
3474
3474
3476
3479
3483
3483
3483
3484
3486
3487
3490
3493
3494
3494
3495
3497
3499
3499
3500
3503
3503
3504
3504
3504
3505
3505
3506
3507
3508
3508
3510
3511
3511
3511
3512
3513
3513
3513
3514
3516
3516
3519
3519
3521
3522
3522
3523
3525
3526
3527
3527
3527
3528
3528
3530
3531
3531
3531
3532
3532
3532
3533
3534
3535
3537
3538
3540
3541
3542
3542
3542
3543
3544
3544
3545
3545
3546
3546
3546
3546
3546
3549
3550
3551
3551
3553
3555
3556
3560
3561
3561
3562
3562
3563
3563
3565
3565
3565
3565
3565
3566
3566
3567
3567
3568
3568
3569
3569
3569
3570
3571
3571
3573
3574
3574
3574
3576
3577
3580
3581
3582
3582
3583
3584
3584
3584
3584
3585
3586
3586
3588
3588
3588
3588
3589
3590
3591
3591
3591
3592
3593
3593
3596
3597
3597
3597
3599
3600
3601
3603
3604
3604
3607
3607
3608
3609
3609
3610
3613
3614
3614
3614
3616
3617
3619
3619
3620
3620
3623
3623
3625
3626
3626
3628
3630
3630
3630
3632
3633
3634
3635
3635
3636
3637
3638
3639
3641
3642
3642
3644
3647
3648
3650
3654
3654
3654
3654
3654
3655
3655
3656
3656
3658
3659
3662
3663
3664
3666
3666
3667
3669
3670
3671
3672
3673
3674
3674
3675
3675
3675
3677
3677
3678
3678
3679
3680
3680
3680
3680
3681
3681
3682
3683
3685
3686
3686
3686
3687
3687
3687
3688
3689
3690
3691
3691
3691
3693
3694
3696
3697
3698
3698
3700
3700
3702
3703
3704
3705
3707
3708
3710
3710
3712
3712
3714
3714
3715
3715
3716
3716
3719
3720
3722
3723
3724
3725
3726
3727
3728
3729
3730
3730
3730
3730
3731
3732
3732
3732
3733
3734
3735
3735
3738
3739
3739
3741
3742
3742
3744
3745
3746
3746
3747
3747
3747
3747
3748
3748
3750
3751
3754
3754
3756
3757
3758
3758
3759
3761
3764
3765
3766
3767
3768
3769
3770
3770
3771
3773
3774
3774
3774
3776
3777
3777
3777
3779
3781
3781
3781
3782
3782
3782
3782
3784
3784
3785
3786
3786
3786
3786
3787
3788
3788
3788
3789
3792
3792
3792
3792
3793
3795
3795
3796
3796
3797
3799
3803
3805
3807
3807
3807
3812
3812
3813
3814
3815
3816
3819
3819
3819
3821
3821
3822
3825
3826
3827
3827
3829
3830
3830
3830
3830
3830
3832
3832
3833
3837
3838
3838
3839
3839
3841
3843
3844
3845
3846
3847
3847
3847
3849
3849
3850
3850
3851
3851
3851
3852
3852
3853
3854
3856
3856
3857
3857
3857
3858
3858
3859
3860
3862
3863
3863
3863
3865
3867
3867
3868
3870
3872
3872
3872
3873
3874
3874
3874
3874
3875
3875
3877
3878
3879
3879
3880
3880
3881
3881
3883
3883
3883
3885
3886
3887
3894
3895
3897
3897
3898
3899
3899
3899
3900
3903
3903
3903
3903
3904
3907
3908
3909
3911
3915
3915
3916
3918
3918
3918
3919
3919
3919
3920
3922
3926
3926
3926
3927
3927
3928
3928
3929
3929
3932
3934
3935
3935
3935
3936
3938
3939
3939
3939
3939
3939
3943
3945
3945
3945
3946
3946
3947
3949
3949
3950
3951
3952
3954
3954
3954
3955
3956
3958
3960
3963
3964
3964
3965
3965
3965
3966
3967
3968
3969
3970
3971
3972
3973
3974
3975
3976
3977
3977
3978
3978
3982
3983
3984
3984
3985
3987
3987
3987
3988
3990
3990
3991
3993
3994
3994
3995
3995
3995
3996
3996
4003
4003
4003
4003
4003
4004
4006
4009
4010
4010
4010
4012
4013
4015
4016
4021
4022
4022
4023
4023
4024
4026
4028
4028
4028
4029
4030
4030
4031
4031
4033
4035
4036
4036
4036
4036
4037
4040
4041
4041
4042
4042
4043
4043
4047
4047
4047
4047
4047
4048
4048
4048
4049
4053
4054
4054
4056
4056
4056
4057
4058
4058
4061
4063
4064
4065
4066
4067
4067
4067
4068
4069
4071
4072
4073
4077
4077
4077
4077
4078
4079
4081
4082
4083
4084
4084
4084
4084
4086
4086
4087
4090
4090
4091
4092
4092
4094
4095
4097
4098
4098
4099
4099
4101
4101
4102
4107
4108
4109
4111
4111
4112
4112
4115
4116
4117
4117
4119
4120
4123
4130
4131
4133
4133
4136
4139
4140
4140
4141
4142
4142
4143
4143
4144
4144
4146
4148
4151
4153
4153
4154
4154
4156
4156
4157
4158
4161
4161
4162
4162
4163
4166
4168
4169
4169
4170
4172
4172
4172
4172
4173
4174
4174
4174
4175
4175
4178
4180
4181
4184
4185
4187
4187
4189
4192
4196
4197
4197
4199
4199
4199
4200
4202
4204
4204
4205
4206
4207
4207
4209
4211
4212
4213
4215
4215
4215
4217
4218
4219
4219
4220
4221
4221
4222
4223
4223
4225
4227
4227
4229
4229
4230
4231
4231
4232
4232
4232
4237
4237
4241
4241
4241
4243
4244
4245
4246
4246
4247
4247
4248
4249
4251
4254
4257
4257
4258
4258
4259
4259
4261
4262
4263
4263
4264
4264
4265
4269
4269
4269
4270
4270
4271
4272
4273
4273
4276
4278
4280
4280
4281
4282
4286
4287
4287
4289
4290
4291
4293
4295
4295
4297
4298
4301
4301
4302
4302
4304
4305
4306
4307
4309
4311
4311
4312
4314
4315
4315
4319
4319
4320
4323
4325
4326
4327
4328
4328
4328
4330
4331
4332
4333
4334
4334
4334
4335
4337
4337
4339
4340
4340
4340
4341
4342
4342
4343
4346
4347
4348
4348
4351
4352
4353
4356
4363
4364
4365
4368
4370
4373
4374
4375
4375
4376
4377
4380
4380
4380
4381
4382
4383
4384
4384
4386
4387
4392
4393
4393
4395
4395
4396
4396
4398
4399
4401
4404
4405
4405
4406
4407
4407
4407
4409
4409
4410
4410
4412
4412
4414
4416
4416
4417
4419
4419
4422
4422
4422
4424
4424
4425
4425
4428
4428
4430
4430
4431
4431
4431
4432
4433
4441
4442
4443
4445
4445
4445
4446
4446
4447
4447
4447
4448
4450
4451
4451
4452
4452
4455
4455
4455
4456
4456
4456
4458
4460
4461
4461
4463
4464
4465
4466
4468
4470
4471
4472
4472
4475
4478
4478
4479
4481
4482
4483
4486
4487
4487
4488
4489
4489
4490
4491
4492
4492
4493
4493
4495
4496
4497
4499
4499
4500
4504
4506
4507
4508
4508
4508
4509
4509
4510
4512
4512
4514
4514
4514
4515
4515
4515
4518
4518
4525
4527
4529
4529
4530
4531
4531
4531
4533
4534
4534
4534
4535
4538
4538
4538
4538
4538
4538
4538
4539
4539
4539
4539
4540
4541
4542
4542
4544
4546
4547
4547
4548
4549
4551
4551
4552
4554
4554
4555
4556
4558
4558
4560
4561
4562
4563
4564
4564
4564
4564
4565
4566
4566
4567
4568
4569
4571
4571
4572
4572
4573
4575
4575
4582
4582
4583
4584
4585
4585
4585
4589
4589
4590
4591
4592
4593
4594
4596
4597
4597
4601
4601
4602
4602
4603
4604
4604
4605
4605
4606
4606
4607
4608
4609
4609
4611
4611
4613
4614
4614
4615
4617
4618
4619
4620
4622
4623
4625
4625
4625
4625
4626
4628
4628
4630
4631
4632
4633
4633
4634
4635
4637
4637
4638
4639
4639
4639
4640
4640
4640
4641
4641
4642
4643
4644
4646
4646
4648
4648
4651
4651
4652
4652
4653
4654
4655
4655
4656
4656
4656
4656
4657
4657
4658
4658
4661
4662
4662
4663
4664
4664
4664
4664
4665
4665
4667
4667
4668
4668
4669
4672
4673
4675
4675
4675
4676
4678
4679
4679
4679
4680
4680
4681
4681
4684
4684
4685
4686
4687
4689
4689
4690
4691
4692
4692
4693
4695
4697
4697
4700
4701
4703
4703
4703
4704
4706
4708
4710
4712
4713
4714
4715
4716
4718
4718
4718
4719
4719
4719
4720
4720
4720
4721
4721
4722
4722
4722
4724
4724
4726
4726
4728
4729
4730
4730
4731
4731
4733
4733
4734
4737
4737
4737
4739
4740
4741
4742
4743
4744
4745
4746
4746
4748
4748
4749
4751
4753
4754
4755
4756
4756
4758
4758
4760
4760
4760
4761
4761
4763
4764
4765
4766
4766
4766
4767
4768
4768
4768
4769
4769
4774
4776
4778
4780
4782
4782
4787
4788
4788
4789
4789
4790
4792
4792
4793
4793
4796
4800
4801
4803
4804
4806
4807
4807
4808
4809
4811
4813
4814
4816
4817
4817
4819
4823
4826
4828
4829
4829
4829
4832
4832
4833
4834
4834
4836
4837
4837
4838
4838
4839
4840
4841
4841
4842
4844
4846
4846
4847
4847
4848
4849
4849
4849
4851
4851
4854
4857
4857
4858
4860
4861
4861
4862
4862
4863
4863
4864
4864
4865
4865
4866
4866
4866
4866
4871
4871
4872
4872
4873
4874
4875
4876
4877
4877
4878
4878
4879
4879
4885
4888
4889
4893
4893
4893
4895
4896
4896
4897
4901
4903
4903
4904
4904
4905
4905
4906
4910
4911
4911
4911
4911
4914
4914
4915
4917
4917
4919
4920
4920
4921
4921
4921
4922
4924
4925
4925
4926
4927
4927
4928
4929
4931
4934
4936
4937
4938
4943
4946
4949
4951
4952
4952
4952
4952
4953
4953
4953
4954
4954
4954
4954
4955
4955
4955
4956
4958
4959
4960
4960
4961
4962
4963
4964
4965
4965
4967
4967
4968
4968
4968
4970
4971
4971
4974
4975
4976
4976
4976
4977
4978
4978
4979
4980
4983
4983
4983
4984
4985
4986
4989
4989
4991
4992
4993
4993
4993
4993
4994
4997
4998
5000
5000
5002
5003
5003
5004
5004
5006
5007
5009
5010
5013
5014
5015
5015
5015
5015
5015
5016
5016
5016
5019
5023
5025
5026
5026
5027
5029
5029
5031
5031
5032
5033
5033
5034
5035
5036
5038
5040
5042
5043
5045
5047
5048
5048
5049
5049
5050
5050
5053
5053
5055
5055
5056
5059
5059
5061
5062
5065
5065
5066
5066
5067
5068
5068
5069
5070
5071
5072
5073
5074
5076
5080
5082
5084
5085
5086
5087
5087
5088
5088
5088
5090
5090
5091
5091
5092
5093
5100
5101
5104
5107
5109
5111
5111
5114
5114
5116
5116
5121
5124
5124
5125
5125
5126
5127
5127
5127
5128
5128
5130
5131
5131
5132
5132
5132
5132
5133
5134
5135
5136
5136
5137
5139
5140
5141
5142
5142
5142
5142
5144
5145
5145
5146
5146
5147
5147
5148
5148
5149
5149
5149
5150
5150
5150
5151
5152
5153
5153
5153
5154
5155
5155
5159
5160
5160
5161
5163
5167
5167
5168
5170
5171
5172
5172
5172
5173
5174
5174
5175
5175
5178
5179
5180
5180
5181
5182
5182
5182
5183
5184
5184
5184
5185
5185
5187
5189
5191
5191
5191
5192
5193
5194
5196
5197
5201
5204
5204
5205
5206
5207
5208
5208
5212
5212
5213
5214
5214
5214
5215
5215
5216
5216
5217
5217
5218
5218
5218
5218
5220
5221
5224
5225
5226
5228
5228
5228
5228
5228
5230
5230
5231
5233
5233
5234
5235
5235
5235
5236
5237
5239
5240
5243
5243
5246
5249
5249
5250
5251
5252
5253
5253
5255
5255
5255
5256
5256
5257
5258
5259
5259
5260
5260
5261
5261
5262
5262
5263
5264
5264
5265
5265
5267
5270
5270
5271
5271
5271
5273
5278
5278
5281
5283
5284
5285
5286
5289
5289
5293
5293
5293
5295
5295
5299
5299
5300
5301
5301
5303
5304
5306
5306
5309
5309
5309
5311
5312
5312
5312
5314
5318
5319
5321
5322
5323
5324
5326
5328
5329
5329
5332
5332
5332
5332
5333
5334
5335
5335
5335
5336
5336
5337
5338
5340
5340
5342
5343
5343
5343
5345
5345
5345
5346
5346
5347
5347
5348
5348
5349
5349
5349
5351
5351
5353
5354
5354
5355
5355
5356
5358
5358
5359
5359
5361
5363
5363
5363
5365
5366
5367
5367
5368
5371
5372
5373
5374
5374
5375
5375
5376
5377
5379
5382
5382
5383
5384
5385
5386
5388
5392
5394
5394
5396
5396
5397
5397
5399
5399
5400
5400
5401
5401
5403
5404
5409
5409
5409
5410
5411
5411
5411
5412
5412
5414
5415
5415
5417
5418
5419
5420
5420
5421
5421
5422
5424
5426
5427
5427
5428
5428
5429
5429
5430
5432
5434
5435
5436
5436
5438
5441
5441
5443
5443
5444
5444
5449
5452
5452
5453
5454
5459
5460
5462
5463
5464
5466
5468
5469
5469
5470
5471
5472
5473
5476
5477
5477
5478
5479
5483
5484
5484
5485
5485
5488
5489
5491
5494
5495
5495
5495
5496
5499
5500
5501
5501
5502
5506
5507
5507
5509
5509
5512
5512
5512
5513
5514
5514
5515
5516
5517
5517
5521
5521
5524
5524
5528
5528
5528
5529
5529
5530
5533
5535
5535
5536
5536
5537
5538
5539
5539
5539
5542
5544
5544
5544
5548
5549
5549
5550
5551
5551
5553
5554
5554
5555
5555
5557
5557
5558
5558
5559
5562
5563
5563
5565
5565
5566
5567
5570
5571
5571
5571
5574
5574
5575
5575
5575
5576
5582
5583
5583
5585
5586
5588
5589
5589
5591
5593
5593
5594
5595
5596
5596
5597
5598
5598
5599
5599
5601
5601
5602
5604
5606
5609
5609
5611
5611
5611
5611
5612
5612
5613
5614
5614
5615
5618
5619
5619
5620
5622
5622
5623
5623
5625
5626
5630
5630
5631
5632
5632
5637
5637
5637
5639
5641
5642
5643
5644
5645
5647
5649
5649
5650
5650
5651
5651
5651
5651
5652
5654
5659
5660
5660
5660
5661
5661
5661
5661
5662
5662
5663
5664
5666
5666
5669
5670
5671
5673
5673
5673
5674
5675
5680
5680
5683
5684
5685
5689
5690
5690
5691
5692
5692
5693
5693
5694
5694
5696
5697
5697
5697
5699
5699
5700
5702
5703
5703
5704
5705
5706
5709
5710
5711
5713
5714
5715
5715
5715
5717
5718
5718
5718
5719
5722
5722
5723
5725
5726
5727
5727
5729
5729
5729
5731
5732
5732
5734
5734
5736
5736
5737
5738
5739
5741
5741
5742
5743
5745
5746
5748
5748
5749
5749
5750
5750
5751
5753
5756
5756
5757
5760
5762
5765
5765
5765
5766
5767
5768
5768
5768
5769
5773
5775
5777
5779
5780
5781
5781
5783
5783
5784
5785
5786
5787
5789
5791
5791
5792
5792
5793
5795
5796
5796
5802
5802
5805
5809
5809
5810
5810
5811
5813
5813
5816
5816
5818
5819
5820
5821
5821
5822
5822
5823
5823
5823
5825
5827
5827
5828
5828
5829
5830
5830
5832
5833
5836
5838
5841
5842
5843
5845
5846
5847
5848
5849
5850
5850
5851
5852
5853
5854
5854
5854
5855
5855
5857
5857
5858
5859
5860
5862
5863
5863
5863
5864
5864
5864
5865
5865
5866
5867
5869
5869
5870
5870
5870
5872
5873
5874
5875
5875
5875
5877
5877
5879
5880
5883
5883
5883
5884
5885
5885
5885
5885
5886
5887
5888
5888
5888
5889
5890
5890
5894
5895
5896
5897
5898
5898
5898
5898
5899
5899
5901
5902
5904
5908
5909
5910
5910
5910
5911
5911
5912
5914
5914
5916
5917
5917
5919
5922
5922
5923
5923
5926
5928
5930
5930
5930
5931
5933
5934
5935
5935
5937
5937
5940
5940
5940
5940
5940
5940
5941
5941
5945
5945
5946
5949
5951
5953
5955
5955
5956
5957
5958
5958
5958
5959
5960
5960
5960
5961
5962
5963
5963
5964
5965
5965
5966
5967
5969
5969
5969
5971
5971
5973
5975
5977
5978
5978
5980
5981
5981
5983
5983
5985
5986
5986
5987
5990
5992
5993
5994
5994
5999
5999
6000
6000
6002
6003
6005
6006
6006
6007
6008
6009
6009
6009
6010
6010
6011
6011
6012
6012
6013
6015
6016
6018
6019
6019
6020
6021
6022
6023
6024
6024
6026
6028
6029
6029
6029
6030
6030
6031
6031
6033
6033
6033
6035
6037
6038
6038
6039
6039
6040
6040
6041
6041
6042
6042
6043
6044
6044
6046
6046
6050
6051
6053
6054
6055
6055
6058
6058
6060
6061
6062
6062
6063
6063
6065
6066
6066
6066
6069
6069
6069
6070
6070
6070
6072
6075
6078
6078
6080
6081
6081
6083
6083
6084
6084
6085
6088
6090
6090
6091
6093
6093
6094
6094
6094
6095
6095
6096
6096
6098
6098
6098
6099
6099
6101
6101
6104
6104
6107
6108
6108
6108
6109
6110
6111
6113
6115
6116
6116
6117
6119
6119
6119
6120
6123
6123
6127
6127
6128
6128
6128
6128
6129
6129
6131
6131
6132
6132
6132
6133
6135
6136
6137
6137
6137
6138
6138
6142
6143
6144
6147
6147
6148
6149
6150
6152
6153
6153
6154
6154
6155
6155
6156
6157
6158
6158
6158
6159
6159
6159
6162
6164
6164
6166
6166
6167
6168
6169
6170
6171
6171
6172
6174
6176
6177
6177
6179
6179
6179
6179
6182
6182
6183
6185
6186
6186
6187
6188
6188
6191
6193
6193
6195
6195
6196
6196
6197
6197
6198
6199
6200
6200
6200
6201
6201
6203
6204
6204
6206
6207
6209
6211
6212
6213
6213
6213
6215
6215
6215
6215
6215
6215
6216
6217
6217
6218
6220
6220
6221
6221
6222
6224
6224
6225
6225
6227
6228
6229
6229
6231
6231
6232
6232
6234
6235
6237
6237
6237
6239
6240
6242
6243
6244
6244
6244
6246
6247
6249
6249
6250
6252
6256
6258
6260
6260
6263
6264
6265
6268
6269
6269
6271
6272
6272
6273
6273
6274
6276
6277
6277
6277
6278
6280
6281
6281
6283
6283
6284
6284
6285
6286
6288
6289
6291
6291
6291
6291
6292
6296
6298
6300
6300
6301
6304
6304
6307
6307
6307
6308
6309
6309
6312
6312
6313
6313
6314
6316
6316
6316
6316
6316
6317
6318
6318
6320
6320
6324
6325
6325
6325
6325
6332
6332
6332
6333
6334
6334
6334
6334
6334
6334
6335
6335
6336
6337
6337
6338
6338
6339
6339
6340
6340
6340
6340
6342
6343
6343
6344
6344
6346
6347
6348
6350
6350
6354
6355
6356
6358
6361
6362
6369
6372
6372
6373
6378
6382
6383
6385
6385
6388
6399
6400
6400
6401
6402
6403
6404
6405
6405
6406
6406
6406
6408
6409
6410
6412
6412
6414
6415
6416
6416
6418
6420
6420
6421
6423
6423
6424
6424
6424
6426
6426
6426
6429
6430
6430
6431
6433
6434
6437
6439
6439
6439
6440
6440
6440
6442
6443
6443
6445
6446
6449
6450
6453
6453
6456
6456
6457
6459
6459
6459
6462
6464
6465
6467
6467
6467
6468
6468
6469
6470
6471
6471
6472
6473
6474
6474
6475
6479
6482
6483
6485
6485
6485
6485
6486
6486
6487
6488
6489
6489
6491
6491
6493
6493
6493
6494
6495
6496
6497
6497
6500
6500
6500
6500
6500
6501
6501
6502
6503
6503
6503
6504
6505
6505
6505
6507
6510
6511
6512
6514
6514
6514
6515
6515
6516
6518
6518
6521
6522
6522
6523
6525
6526
6528
6528
6530
6531
6532
6532
6532
6532
6533
6533
6534
6535
6537
6538
6542
6542
6542
6543
6545
6545
6546
6546
6547
6548
6550
6552
6552
6554
6556
6556
6556
6557
6558
6559
6566
6567
6568
6570
6570
6570
6571
6573
6574
6574
6576
6578
6579
6579
6580
6580
6582
6582
6583
6583
6585
6586
6588
6588
6588
6588
6589
6589
6590
6592
6592
6592
6592
6593
6595
6596
6596
6597
6599
6599
6600
6600
6602
6602
6603
6603
6604
6607
6607
6609
6610
6610
6610
6610
6611
6611
6612
6613
6615
6616
6617
6617
6621
6621
6622
6623
6623
6624
6624
6625
6626
6627
6628
6629
6629
6629
6631
6632
6632
6634
6635
6635
6636
6637
6637
6637
6638
6639
6640
6641
6642
6644
6647
6648
6648
6649
6650
6650
6651
6651
6651
6651
6652
6653
6654
6659
6659
6661
6661
6662
6664
6664
6665
6666
6667
6669
6669
6670
6670
6670
6671
6674
6674
6674
6675
6675
6676
6681
6681
6682
6682
6683
6683
6684
6689
6692
6694
6694
6695
6695
6695
6696
6698
6698
6700
6703
6704
6705
6706
6706
6710
6712
6713
6713
6713
6714
6715
6715
6716
6718
6719
6719
6722
6722
6723
6725
6727
6727
6728
6729
6730
6735
6735
6735
6735
6735
6737
6741
6743
6747
6748
6750
6750
6751
6752
6753
6753
6754
6754
6755
6756
6758
6758
6758
6759
6759
6759
6760
6760
6760
6760
6760
6760
6761
6762
6763
6765
6767
6768
6768
6768
6769
6770
6771
6771
6773
6774
6775
6777
6778
6780
6781
6783
6783
6783
6784
6784
6786
6788
6788
6792
6793
6794
6794
6795
6795
6795
6799
6801
6801
6802
6802
6802
6803
6803
6804
6804
6806
6806
6806
6807
6807
6808
6809
6809
6810
6812
6812
6812
6814
6814
6816
6817
6817
6817
6822
6823
6825
6825
6827
6828
6828
6830
6830
6830
6831
6832
6832
6832
6832
6833
6834
6834
6834
6837
6838
6841
6841
6842
6845
6846
6848
6848
6849
6849
6849
6852
6853
6853
6853
6854
6857
6857
6858
6859
6859
6860
6860
6861
6861
6863
6863
6864
6866
6871
6872
6873
6875
6875
6877
6877
6878
6878
6880
6883
6885
6886
6888
6890
6891
6891
6893
6894
6894
6894
6895
6896
6896
6897
6897
6899
6902
6902
6902
6903
6905
6905
6906
6907
6909
6911
6911
6912
6913
6914
6917
6917
6918
6919
6920
6921
6922
6924
6924
6925
6929
6930
6932
6932
6932
6932
6937
6937
6939
6939
6941
6941
6943
6943
6944
6944
6944
6945
6946
6947
6948
6949
6949
6951
6955
6956
6957
6957
6957
6960
6960
6963
6963
6963
6963
6964
6964
6965
6966
6967
6967
6967
6969
6969
6971
6971
6972
6972
6973
6973
6974
6974
6975
6976
6979
6980
6982
6985
6988
6988
6990
6990
6991
6992
6992
6993
6993
6993
6994
6995
6996
6998
6998
6999
7001
7002
7005
7006
7007
7007
7010
7012
7012
7013
7013
7013
7015
7016
7016
7016
7018
7018
7020
7020
7022
7022
7024
7024
7026
7026
7026
7026
7027
7031
7031
7031
7032
7034
7034
7035
7037
7037
7037
7039
7040
7040
7041
7043
7045
7045
7046
7050
7050
7051
7051
7051
7051
7051
7054
7054
7055
7055
7056
7056
7058
7059
7061
7061
7061
7061
7062
7062
7063
7063
7064
7065
7065
7066
7067
7067
7070
7070
7073
7074
7074
7076
7076
7076
7078
7080
7083
7084
7085
7086
7087
7087
7088
7089
7089
7090
7091
7092
7093
7094
7095
7096
7098
7099
7100
7100
7102
7102
7102
7102
7104
7104
7105
7105
7106
7107
7108
7110
7115
7116
7117
7117
7117
7118
7118
7118
7119
7120
7121
7121
7122
7123
7126
7127
7128
7129
7130
7131
7132
7133
7134
7135
7135
7136
7136
7137
7137
7139
7139
7139
7141
7142
7142
7142
7143
7144
7144
7144
7146
7147
7147
7147
7150
7151
7151
7152
7152
7152
7153
7153
7154
7154
7154
7156
7157
7157
7157
7158
7159
7159
7161
7163
7164
7164
7165
7165
7165
7165
7166
7167
7167
7168
7169
7170
7170
7171
7172
7173
7175
7175
7177
7177
7179
7180
7181
7181
7184
7184
7186
7187
7187
7188
7188
7189
7191
7193
7193
7194
7195
7195
7195
7196
7196
7196
7198
7198
7199
7200
7200
7204
7204
7205
7207
7208
7208
7208
7208
7210
7211
7213
7214
7215
7215
7216
7216
7216
7216
7217
7218
7219
7223
7229
7229
7230
7230
7230
7231
7231
7232
7233
7233
7233
7233
7237
7237
7237
7240
7241
7242
7244
7245
7246
7246
7247
7247
7248
7249
7250
7250
7252
7253
7253
7256
7256
7257
7257
7258
7258
7262
7264
7266
7267
7268
7268
7269
7269
7269
7270
7271
7271
7274
7277
7277
7278
7278
7279
7280
7280
7280
7282
7283
7283
7286
7286
7287
7288
7290
7292
7293
7294
7294
7295
7295
7295
7296
7297
7297
7299
7300
7300
7301
7303
7304
7304
7305
7308
7311
7312
7314
7317
7317
7318
7320
7321
7322
7323
7324
7324
7326
7326
7327
7328
7329
7329
7329
7330
7332
7333
7333
7334
7334
7335
7335
7336
7337
7337
7337
7337
7338
7340
7340
7341
7342
7343
7345
7345
7346
7347
7348
7349
7349
7349
7349
7351
7351
7354
7354
7355
7356
7357
7357
7358
7358
7359
7359
7361
7363
7363
7363
7368
7369
7369
7369
7371
7373
7373
7373
7373
7373
7376
7376
7376
7377
7378
7378
7380
7381
7381
7382
7383
7384
7384
7387
7388
7388
7389
7390
7391
7394
7396
7397
7398
7400
7400
7403
7403
7403
7403
7404
7405
7405
7408
7408
7409
7410
7411
7411
7414
7414
7414
7415
7416
7416
7419
7419
7420
7421
7422
7423
7424
7424
7425
7427
7427
7429
7431
7432
7432
7433
7437
7438
7438
7439
7440
7442
7444
7445
7445
7446
7446
7449
7450
7452
7452
7453
7454
7455
7459
7459
7460
7462
7462
7464
7468
7468
7469
7470
7472
7473
7473
7474
7475
7478
7478
7478
7479
7480
7480
7480
7480
7480
7481
7482
7483
7483
7485
7485
7485
7486
7486
7488
7489
7490
7492
7493
7494
7494
7496
7498
7499
7503
7504
7504
7506
7506
7508
7511
7513
7514
7515
7517
7517
7518
7519
7520
7521
7521
7521
7523
7524
7524
7525
7526
7526
7527
7527
7527
7528
7528
7531
7531
7535
7535
7536
7537
7539
7539
7539
7540
7542
7544
7544
7544
7544
7545
7545
7546
7547
7548
7551
7551
7552
7553
7555
7555
7556
7556
7557
7557
7558
7559
7560
7560
7560
7560
7562
7562
7563
7563
7565
7566
7567
7567
7567
7568
7568
7569
7569
7570
7571
7573
7573
7574
7574
7575
7575
7575
7579
7580
7581
7581
7581
7582
7585
7587
7588
7589
7589
7589
7589
7592
7595
7595
7595
7595
7597
7597
7602
7602
7603
7604
7605
7607
7611
7611
7611
7611
7611
7613
7614
7617
7617
7617
7620
7621
7621
7621
7622
7623
7626
7626
7626
7627
7628
7629
7631
7631
7632
7634
7635
7636
7637
7638
7640
7640
7640
7641
7642
7644
7644
7644
7645
7646
7647
7647
7647
7648
7652
7654
7655
7656
7657
7657
7657
7658
7659
7659
7659
7660
7660
7660
7661
7662
7662
7663
7663
7664
7664
7668
7669
7669
7669
7670
7671
7671
7674
7675
7676
7676
7679
7679
7679
7680
7680
7681
7682
7682
7683
7683
7684
7684
7688
7688
7689
7690
7690
7691
7692
7692
7693
7693
7696
7698
7698
7700
7700
7700
7700
7700
7702
7702
7702
7703
7703
7703
7704
7704
7706
7707
7707
7709
7709
7710
7711
7711
7711
7711
7712
7712
7712
7714
7716
7716
7716
7717
7717
7717
7718
7718
7718
7720
7720
7720
7721
7721
7722
7725
7725
7725
7726
7730
7731
7731
7732
7732
7733
7734
7734
7737
7738
7738
7741
7741
7742
7743
7743
7744
7744
7746
7746
7746
7755
7757
7758
7761
7764
7764
7765
7766
7766
7767
7768
7769
7769
7770
7771
7772
7772
7774
7774
7775
7776
7777
7777
7778
7778
7779
7779
7779
7780
7780
7782
7783
7784
7786
7786
7787
7789
7790
7790
7791
7794
7794
7794
7795
7796
7798
7799
7801
7803
7804
7805
7808
7808
7808
7808
7809
7809
7811
7811
7812
7812
7813
7816
7817
7817
7818
7822
7822
7822
7823
7823
7824
7826
7828
7828
7829
7829
7832
7833
7834
7835
7838
7838
7839
7839
7840
7841
7841
7841
7843
7844
7844
7846
7846
7847
7847
7849
7851
7852
7855
7856
7857
7857
7857
7858
7861
7861
7861
7861
7862
7862
7862
7864
7864
7864
7864
7866
7867
7869
7871
7871
7874
7876
7877
7877
7878
7878
7878
7879
7880
7884
7885
7889
7890
7890
7892
7892
7893
7895
7895
7896
7896
7896
7897
7898
7900
7901
7903
7905
7906
7907
7909
7910
7910
7910
7911
7912
7912
7912
7913
7914
7915
7916
7917
7918
7918
7920
7921
7922
7925
7925
7925
7926
7926
7926
7927
7930
7934
7934
7934
7934
7935
7937
7940
7941
7942
7945
7945
7946
7949
7950
7952
7953
7954
7954
7954
7955
7956
7957
7957
7957
7957
7958
7958
7963
7964
7964
7965
7965
7966
7967
7968
7968
7968
7969
7969
7970
7971
7973
7973
7974
7975
7976
7976
7980
7981
7981
7982
7985
7986
7987
7987
7988
7990
7991
7991
7992
7992
7993
7994
7995
7996
7996
8001
8002
8005
8006
8006
8008
8008
8011
8015
8016
8018
8018
8019
8019
8020
8024
8026
8027
8027
8028
8029
8029
8030
8031
8031
8033
8033
8034
8035
8035
8035
8036
8039
8039
8040
8041
8041
8042
8043
8045
8046
8046
8049
8049
8049
8054
8055
8057
8058
8058
8059
8060
8061
8062
8062
8063
8065
8066
8066
8067
8067
8068
8069
8070
8072
8073
8074
8075
8076
8080
8081
8082
8082
8083
8086
8087
8087
8090
8091
8092
8092
8094
8095
8096
8097
8097
8097
8099
8101
8101
8101
8103
8103
8103
8104
8105
8105
8105
8106
8106
8107
8108
8111
8111
8112
8113
8113
8114
8115
8115
8118
8118
8119
8119
8120
8121
8121
8122
8122
8123
8124
8124
8124
8125
8126
8127
8128
8128
8131
8132
8134
8135
8136
8138
8140
8140
8141
8141
8145
8148
8150
8151
8151
8151
8153
8153
8154
8154
8155
8157
8159
8160
8161
8162
8163
8167
8168
8171
8176
8176
8176
8177
8178
8178
8180
8180
8181
8182
8183
8184
8184
8185
8185
8185
8186
8188
8189
8189
8189
8190
8190
8191
8193
8193
8193
8194
8195
8195
8202
8203
8203
8203
8205
8206
8209
8210
8212
8213
8214
8215
8215
8216
8216
8217
8218
8219
8220
8220
8222
8225
8225
8225
8228
8228
8229
8229
8229
8230
8230
8230
8232
8232
8233
8233
8233
8234
8235
8235
8237
8237
8238
8238
8239
8240
8241
8243
8244
8244
8244
8245
8246
8246
8249
8250
8250
8251
8251
8255
8255
8257
8257
8258
8258
8259
8261
8261
8261
8263
8263
8266
8267
8268
8269
8271
8272
8274
8274
8275
8277
8277
8277
8278
8279
8282
8282
8283
8284
8285
8286
8286
8287
8287
8289
8290
8290
8292
8293
8293
8295
8296
8297
8297
8297
8300
8301
8301
8303
8305
8305
8305
8306
8308
8310
8310
8311
8313
8313
8313
8314
8315
8315
8316
8319
8320
8323
8323
8323
8324
8324
8328
8329
8331
8333
8334
8335
8335
8337
8337
8337
8338
8338
8341
8342
8342
8343
8345
8349
8352
8354
8355
8355
8358
8359
8359
8361
8362
8363
8364
8365
8365
8366
8367
8369
8370
8371
8374
8374
8375
8377
8379
8379
8381
8381
8382
8383
8384
8385
8386
8386
8387
8387
8388
8388
8391
8392
8393
8395
8400
8401
8405
8406
8407
8409
8409
8410
8410
8411
8413
8413
8414
8416
8417
8418
8418
8420
8420
8421
8421
8424
8426
8427
8427
8427
8429
8430
8430
8431
8432
8432
8433
8435
8436
8436
8436
8436
8436
8438
8438
8439
8440
8441
8441
8442
8443
8444
8444
8445
8446
8447
8447
8447
8447
8447
8448
8448
8448
8448
8452
8454
8455
8455
8457
8457
8458
8459
8459
8459
8459
8459
8462
8463
8463
8463
8464
8467
8467
8469
8470
8470
8472
8472
8473
8473
8474
8475
8475
8475
8476
8476
8477
8477
8478
8479
8480
8480
8485
8485
8487
8488
8489
8490
8493
8493
8494
8494
8495
8495
8496
8496
8496
8497
8498
8499
8505
8505
8505
8506
8506
8509
8509
8511
8512
8513
8513
8517
8518
8518
8519
8519
8520
8520
8524
8524
8524
8524
8525
8526
8530
8531
8531
8532
8532
8534
8535
8535
8538
8539
8540
8540
8542
8542
8543
8543
8544
8545
8546
8546
8547
8548
8549
8549
8549
8550
8552
8553
8557
8557
8558
8558
8560
8561
8563
8566
8566
8566
8566
8567
8567
8568
8570
8572
8573
8573
8573
8574
8574
8575
8575
8575
8576
8578
8578
8578
8579
8579
8580
8580
8580
8582
8583
8583
8584
8585
8587
8588
8588
8591
8595
8595
8597
8597
8599
8599
8599
8600
8601
8602
8602
8603
8603
8606
8606
8607
8608
8609
8609
8611
8614
8614
8617
8618
8620
8620
8620
8621
8623
8623
8623
8624
8626
8626
8626
8627
8629
8632
8632
8635
8635
8636
8636
8636
8637
8638
8640
8641
8643
8645
8646
8647
8648
8648
8648
8649
8653
8653
8653
8656
8657
8659
8660
8660
8661
8662
8663
8663
8663
8664
8666
8670
8671
8674
8675
8676
8679
8683
8683
8684
8685
8686
8687
8688
8691
8692
8693
8696
8698
8698
8700
8701
8701
8702
8702
8703
8704
8704
8705
8705
8706
8707
8709
8711
8711
8711
8713
8713
8715
8715
8717
8717
8718
8718
8719
8719
8720
8720
8720
8721
8721
8722
8723
8724
8725
8727
8727
8728
8730
8731
8731
8732
8732
8733
8735
8738
8739
8739
8739
8740
8741
8744
8744
8745
8746
8748
8748
8752
8752
8753
8756
8757
8758
8758
8758
8759
8760
8761
8761
8762
8762
8762
8764
8765
8765
8766
8767
8767
8769
8770
8770
8771
8771
8773
8775
8775
8776
8776
8776
8777
8778
8778
8779
8780
8782
8784
8784
8786
8786
8787
8787
8788
8788
8789
8789
8791
8791
8792
8793
8794
8796
8798
8799
8801
8801
8803
8804
8804
8805
8805
8805
8806
8807
8808
8809
8814
8815
8816
8816
8816
8816
8817
8817
8819
8819
8821
8821
8822
8823
8823
8824
8825
8826
8827
8827
8828
8831
8832
8833
8836
8836
8841
8842
8843
8843
8843
8843
8844
8844
8845
8846
8847
8849
8849
8849
8850
8851
8855
8858
8858
8858
8859
8859
8859
8859
8862
8862
8864
8864
8865
8866
8866
8867
8869
8870
8870
8871
8871
8873
8873
8873
8875
8877
8879
8880
8883
8883
8883
8884
8885
8886
8888
8890
8890
8893
8893
8894
8895
8895
8896
8896
8898
8901
8903
8903
8903
8903
8903
8907
8911
8913
8913
8915
8916
8917
8917
8918
8918
8919
8920
8921
8921
8923
8923
8925
8926
8926
8928
8929
8929
8930
8932
8933
8933
8934
8934
8935
8937
8937
8938
8938
8938
8939
8939
8939
8939
8939
8940
8940
8941
8943
8943
8944
8946
8947
8947
8949
8949
8951
8951
8952
8953
8954
8954
8955
8957
8958
8959
8959
8962
8964
8965
8965
8967
8967
8971
8972
8973
8974
8974
8976
8977
8977
8978
8978
8979
8981
8981
8981
8981
8982
8983
8983
8984
8984
8986
8987
8988
8988
8988
8988
8989
8989
8991
8992
8992
8993
8995
8995
8995
8996
8996
8996
8996
8996
8997
8999
8999
9000
9000
9000
9001
9002
9004
9005
9005
9007
9008
9009
9010
9011
9011
9014
9015
9015
9017
9019
9020
9021
9022
9024
9024
9027
9027
9029
9030
9030
9031
9032
9032
9032
9033
9033
9034
9034
9034
9035
9036
9037
9039
9041
9042
9042
9043
9044
9046
9047
9049
9051
9051
9052
9053
9053
9055
9057
9057
9057
9060
9061
9063
9064
9064
9068
9068
9068
9069
9071
9071
9072
9072
9073
9073
9073
9073
9073
9074
9075
9077
9078
9078
9079
9082
9082
9083
9083
9083
9083
9085
9086
9086
9086
9086
9087
9087
9088
9088
9092
9093
9094
9095
9095
9095
9096
9096
9096
9098
9099
9102
9103
9103
9103
9103
9104
9106
9106
9108
9109
9112
9112
9112
9116
9117
9118
9119
9119
9124
9127
9128
9129
9131
9134
9135
9135
9137
9137
9138
9139
9139
9140
9141
9142
9143
9143
9143
9144
9144
9144
9145
9145
9147
9147
9148
9148
9150
9150
9152
9153
9154
9155
9156
9158
9158
9159
9160
9160
9161
9162
9163
9164
9168
9169
9169
9172
9174
9175
9176
9177
9177
9180
9183
9185
9186
9186
9187
9189
9190
9191
9192
9192
9192
9194
9194
9195
9196
9197
9197
9201
9202
9202
9202
9202
9203
9203
9204
9204
9205
9207
9210
9211
9212
9212
9212
9213
9213
9214
9214
9215
9215
9216
9218
9218
9220
9224
9227
9228
9229
9230
9231
9231
9232
9234
9234
9237
9239
9239
9239
9240
9242
9244
9247
9248
9249
9249
9250
9250
9254
9255
9255
9256
9257
9258
9259
9261
9262
9262
9264
9266
9268
9268
9270
9270
9271
9271
9272
9272
9274
9275
9275
9276
9276
9277
9278
9279
9280
9280
9281
9282
9283
9284
9285
9286
9288
9289
9292
9292
9292
9292
9294
9296
9297
9297
9299
9300
9301
9301
9301
9302
9302
9303
9305
9306
9308
9308
9308
9308
9309
9310
9311
9311
9312
9312
9312
9314
9315
9315
9317
9318
9319
9320
9321
9322
9324
9327
9328
9330
9330
9331
9331
9332
9332
9332
9333
9333
9334
9335
9336
9336
9339
9339
9340
9340
9340
9340
9341
9341
9341
9342
9345
9345
9347
9349
9349
9349
9353
9353
9356
9358
9358
9360
9361
9364
9365
9366
9367
9368
9369
9369
9369
9373
9373
9375
9378
9378
9380
9381
9383
9383
9383
9386
9386
9386
9386
9387
9387
9388
9388
9389
9390
9390
9390
9391
9392
9392
9393
9395
9395
9396
9396
9397
9397
9399
9399
9399
9400
9400
9401
9402
9402
9402
9403
9404
9404
9405
9407
9408
9409
9409
9409
9409
9410
9412
9412
9414
9416
9416
9416
9417
9417
9418
9419
9420
9420
9423
9423
9423
9424
9425
9425
9429
9430
9430
9430
9430
9431
9432
9433
9434
9436
9438
9439
9440
9441
9443
9443
9445
9445
9446
9447
9449
9449
9453
9455
9455
9456
9457
9458
9458
9458
9459
9460
9460
9462
9463
9463
9465
9466
9466
9466
9466
9469
9470
9472
9473
9473
9474
9474
9474
9475
9476
9477
9477
9478
9478
9479
9479
9479
9481
9483
9484
9484
9486
9487
9487
9489
9490
9492
9492
9493
9495
9496
9496
9496
9497
9498
9498
9498
9499
9499
9500
9501
9502
9502
9504
9507
9508
9509
9509
9511
9511
9511
9513
9514
9517
9517
9519
9519
9521
9522
9524
9525
9526
9527
9530
9530
9531
9531
9532
9535
9536
9536
9538
9540
9542
9544
9544
9545
9546
9546
9546
9548
9548
9549
9549
9551
9552
9554
9554
9554
9555
9555
9556
9557
9558
9559
9559
9561
9562
9563
9565
9565
9566
9566
9568
9569
9569
9571
9572
9572
9572
9573
9573
9573
9574
9575
9576
9577
9577
9577
9579
9579
9580
9580
9581
9581
9582
9583
9586
9586
9586
9587
9587
9588
9588
9590
9593
9594
9595
9599
9600
9601
9603
9603
9605
9606
9606
9608
9609
9609
9610
9610
9611
9611
9611
9611
9612
9613
9615
9615
9616
9616
9617
9618
9621
9621
9621
9622
9623
9623
9625
9625
9626
9626
9626
9626
9627
9627
9629
9629
9630
9631
9631
9635
9635
9637
9639
9641
9642
9643
9646
9646
9647
9648
9649
9653
9653
9653
9654
9657
9657
9659
9659
9660
9660
9661
9661
9662
9665
9667
9670
9672
9672
9672
9672
9673
9676
9676
9677
9677
9677
9677
9679
9680
9680
9681
9682
9682
9683
9684
9684
9685
9690
9691
9695
9697
9698
9699
9699
9699
9699
9701
9701
9702
9702
9703
9703
9706
9706
9706
9706
9707
9712
9713
9714
9715
9716
9718
9718
9719
9720
9722
9722
9722
9722
9723
9723
9727
9727
9730
9731
9732
9732
9732
9735
9735
9736
9736
9738
9738
9741
9742
9743
9743
9743
9743
9745
9745
9745
9746
9747
9748
9751
9751
9751
9752
9752
9753
9757
9758
9758
9759
9760
9761
9761
9765
9765
9766
9767
9768
9768
9768
9769
9770
9771
9773
9774
9774
9774
9776
9778
9779
9781
9781
9782
9783
9783
9783
9785
9785
9786
9787
9789
9789
9789
9790
9790
9790
9791
9791
9793
9793
9793
9794
9794
9795
9796
9796
9796
9797
9797
9797
9798
9799
9799
9800
9800
9805
9807
9809
9810
9810
9811
9812
9814
9814
9814
9814
9814
9816
9816
9817
9818
9819
9819
9819
9820
9820
9822
9824
9825
9826
9827
9828
9831
9832
9833
9834
9834
9834
9835
9836
9836
9837
9837
9840
9842
9843
9843
9844
9848
9848
9849
9850
9850
9850
9851
9851
9852
9852
9853
9857
9858
9859
9859
9860
9860
9860
9864
9865
9866
9869
9870
9871
9871
9877
9878
9879
9879
9879
9880
9880
9881
9882
9884
9886
9889
9889
9889
9891
9891
9891
9891
9893
9893
9894
9898
9899
9899
9900
9900
9900
9904
9905
9906
9906
9908
9908
9910
9911
9913
9914
9915
9915
9917
9918
9920
9923
9925
9926
9929
9929
9930
9930
9932
9933
9934
9937
9937
9938
9940
9940
9940
9941
9942
9942
9942
9943
9943
9943
9946
9946
9946
9947
9948
9948
9949
9949
9950
9951
9951
9952
9954
9954
9955
9956
9956
9957
9957
9958
9960
9961
9961
9962
9962
9962
9964
9965
9966
9966
9967
9967
9967
9968
9968
9970
9972
9973
9973
9973
9973
9976
9978
9979
9980
9981
9982
9985
9985
9986
9987
9988
9988
9989
9989
9989
9991
10000
10000
